0.0 0.0 0.0 0.0 0.0 0.0 0.0 0.0 0 
0.0 0.0 0.0 0.0 0.0 0.0 0.0 0.0 0 
0.0 0.0 0.0 0.0 0.0 0.0 0.0 0.0 0 
0.0 0.0 0.0 0.0 0.0 0.0 0.0 0.0 0 
0.0 0.0 0.0 0.0 0.0 0.0 0.0 0.0 1 
0.0 0.0 0.0 0.0 0.0 0.0 0.0 0.0 0 
0.0 0.0 0.0 0.0 0.0 0.0 0.0 0.0 0 
0.0 0.0 0.0 0.0 0.0 0.0 0.0 0.0 1 
0.0 0.0 0.0 0.0 0.0 0.0 0.0 0.0 0 
0.0 0.0 0.0 0.0 0.0 0.0 0.0 0.0 0 
0.040624999999999994 0.16269841269841268 0.12925922094131728 0.45919861260624173 0.09820928403247518 0.04005961001062774 1.0 0.0 0 
0.5 0.7407407407407407 0.8333333333333333 0.551265890623677 0.6471299883556307 0.5731374987902838 1.0 0.0 1 
0.0 0.0 0.0 0.5051465669208904 0.17088660222974073 0.1806527389253754 1.0 0.0 1 
0.12103174603174605 0.3812636165577342 0.3444494054935283 0.1521614361315763 0.016653992622384376 0.27577971751794295 1.0 0.0 1 
0.0 0.0 0.0 0.5774870519111421 0.19219554514036682 0.18404836555551318 1.0 0.0 1 
0.0 0.0 0.0 0.0 0.0 0.0 0.0 0.0 1 
0.6666666666666666 0.6666666666666666 0.6666666666666666 0.6180809920729532 0.2932807356297953 0.17532828405498277 0.0 0.0 1 
0.0 0.0 0.0 0.0 0.0 0.0 0.0 0.0 0 
0.75 0.75 0.75 0.96941780131523 0.9323957264520315 0.6784517006892701 0.0 0.0 0 
0.08333333333333334 0.1388888888888889 0.07596731533081441 0.14116895092117232 0.0 0.24967931334089818 0.0 0.0 0 
0.08333333333333334 0.1388888888888889 0.07596731533081441 0.23081109819778478 0.053339253887802036 0.26070095623534345 0.0 0.0 0 
0.09325396825396826 0.2518518518518519 0.20806038396426058 0.2722934039023859 0.09804471978366003 0.327683306467657 0.0 0.0 1 
0.0 0.0 0.0 0.4753899392469588 0.1385476027782268 0.20067672320383942 1.0 0.0 1 
0.1875 0.30000000000000004 0.0 0.30695553636899464 0.12466748272076902 0.15468984853513587 0.0 0.0 0 
0.0 0.0 0.0 0.3328089264226822 0.007148952291656647 0.23952452262502238 0.0 0.0 0 
0.0 0.0 0.0 0.2668799722628743 0.0 0.3007935845775259 0.0 0.0 1 
0.06439393939393939 0.19963369963369965 0.16077470454459206 0.32048573465034136 0.07526480693807898 0.1698061282040492 1.0 0.0 1 
0.0 0.0 0.0 0.5054181210393905 0.19472764794954744 0.19049654047398412 1.0 0.0 1 
0.566468253968254 0.7321733821733821 0.7369765315101295 0.9268454768366552 0.7068166673738787 0.8199223214657628 1.0 0.0 1 
0.0 0.0 0.0 0.5974754977954021 0.2896213787656896 0.18663138565339676 0.0 0.0 0 
0.28035714285714286 0.4460056390977444 0.4603186863457751 0.8580907697981276 0.6064405299736231 0.5296647296474757 1.0 0.0 0 
0.36574074074074076 0.4555555555555556 0.37557393779843606 0.9520169123881616 0.6961348881855123 0.30664194064670536 1.0 0.0 1 
0.20833333333333331 0.5357142857142857 0.625 0.09454861419389093 0.08690670076769141 0.05355346278731403 1.0 0.0 1 
0.31375 0.5431578947368421 0.6310930216216328 0.7218696225386969 0.5214611084756089 0.6095912046354516 1.0 0.0 1 
0.10416666666666666 0.2777777777777778 0.22292183996170778 0.2791571910819324 0.1041797712627728 0.31667711758559086 1.0 0.0 1 
0.06666666666666667 0.20512820512820515 0.16077470454459206 0.08847851227458947 0.07076399424682356 0.0 0.0 0.0 0 
0.17909090909090908 0.5567765567765568 0.7116630794170788 0.20524857217564452 0.07021574959930213 0.15832773095642055 0.0 0.0 0 
0.09999999999999999 0.26666666666666666 0.21400496636323946 0.5009213807468071 0.15706806121119224 0.39951017072469774 0.0 0.0 0 
0.2866666666666666 0.3208333333333333 0.2791924147358681 0.7808456989180887 0.4741255896034231 0.5060996698922932 0.0 0.0 1 
0.6060374149659864 0.8099319727891157 0.8751973548925263 0.9753028662571142 0.814057555491006 0.6957817512683043 0.0 0.0 1 
0.09999999999999999 0.26666666666666666 0.21400496636323946 0.3421413772645152 0.12331902767015096 0.2021465962039355 0.0 0.0 0 
0.26666666666666666 0.2875 0.2609602590564726 0.8419249881489412 0.4956370380009364 0.38087692411297236 1.0 0.0 0 
0.2523809523809524 0.28273809523809523 0.24541179882746936 0.7931022664600814 0.45145141335524314 0.4573306972136193 1.0 0.0 0 
0.12579931972789116 0.38243720565149136 0.4388064352206091 0.5862585354437475 0.19995387767115294 0.2866963249803798 1.0 0.0 0 
0.5072751322751323 0.6324404761904763 0.6736505988160773 0.8001304335700761 0.5820448045497763 0.7055656102016807 1.0 0.0 1 
0.24146825396825394 0.4254140786749482 0.47075981520712845 0.5391970234752679 0.41113484814709217 0.3874016995750057 1.0 0.0 0 
0.3069444444444444 0.510989010989011 0.5150728289807123 0.6050690990990613 0.4621492498467792 0.46855543171921993 1.0 0.0 1 
0.09733516483516484 0.3763235294117647 0.4363528671986735 0.5026027117134699 0.09239575935353213 0.2701570163088686 1.0 0.0 1 
0.3272751322751323 0.6032166907166907 0.7240705183921055 0.750888592670615 0.5155269474461242 0.4873107578841646 1.0 0.0 0 
0.0 0.0 0.0 0.19405115763014968 0.047262829696874224 0.2595273562376239 1.0 0.0 1 
0.0 0.0 0.0 0.5546957457053883 0.136909848833095 0.23078501759879427 1.0 0.0 1 
0.12054924242424242 0.31596405228758173 0.30622156299980635 0.5025698132215011 0.17018810656727923 0.28992744581767627 1.0 0.0 0 
0.0 0.0 0.0 0.13679500666049904 0.017590281718672142 0.0 1.0 0.0 0 
0.0 0.0 0.0 0.3359569889132932 0.2571172521548503 0.3293428730351506 1.0 0.0 0 
0.0 0.0 0.0 0.23223221592424437 0.01953851292082275 0.11710790710148417 1.0 0.0 1 
0.375 0.375 0.375 0.4736440284074863 0.23696569430610276 0.448602376253726 1.0 0.0 1 
0.10198863636363636 0.3612637362637363 0.4558283956156316 0.2701867537046221 0.11749978490778337 0.17192061581478188 0.0 0.0 0 
0.3208333333333333 0.4553571428571428 0.49520731325293155 0.20177845329968735 0.042334343673442576 0.20576734765172794 0.0 0.0 1 
0.2693452380952381 0.41829004329004327 0.467275337434258 0.45957995635017435 0.3957170050069356 0.6183360151903879 0.0 0.0 1 
0.4982142857142857 0.6050420168067228 0.6228574020889811 0.2920489085682212 0.2773737945765561 0.6217007109539407 0.0 0.0 1 
0.09375 0.391025641025641 0.4004430059731598 0.1656775073123884 0.07496822094098364 0.17107776036806555 0.0 0.0 1 
0.09479166666666666 0.2518939393939394 0.23815347550179788 0.6340976547028592 0.1834403300900463 0.193592236989605 0.0 0.0 1 
0.09848484848484848 0.2840909090909091 0.19538126534096614 0.10737711377680714 0.03772512387601541 0.171676037298454 0.0 0.0 0 
0.34523809523809523 0.5031135531135531 0.44866670703996286 0.539416168521611 0.4461735634919989 0.5903836038963115 1.0 0.0 0 
0.09358465608465609 0.3210038986354776 0.3465735902799726 0.4380414734880742 0.09042769291622502 0.3631525185571222 1.0 0.0 0 
0.05803571428571429 0.22077922077922077 0.25114589825472244 0.2398993297943247 0.1315115897840361 0.09531836097444882 1.0 0.0 1 
0.15767195767195769 0.5353610742542632 0.6769161342206775 0.2996796889287441 0.08991552669080798 0.18093082399278493 1.0 0.0 0 
0.07672258297258297 0.3159722222222222 0.38647305653643726 0.38632670845258965 0.19421050544980134 0.14087915568429515 1.0 0.0 1 
0.20347222222222222 0.5144907407407407 0.6083134751129313 0.3549802563495287 0.12005830580112374 0.21286774967709673 1.0 0.0 1 
0.14629930254930254 0.4611111111111111 0.5776830717390815 0.2487927227320017 0.08054432675656562 0.0 1.0 0.0 1 
0.6660714285714286 0.7262541380188439 0.716899149035518 0.41829542541278264 0.22308137521590576 0.29934342633732186 1.0 0.0 0 
0.3488095238095238 0.5455182072829132 0.5543663806062953 0.44267551566970087 0.41374173076828846 0.5404117092117982 1.0 0.0 1 
0.07833333333333334 0.27666666666666667 0.3654150679827258 0.35866804823865905 0.19900750243098644 0.09191578816279193 1.0 0.0 0 
0.050625 0.22588235294117648 0.2367207614324738 0.4452166203878305 0.1193889465032623 0.2859702734006136 0.0 0.0 0 
0.12386363636363637 0.22537878787878787 0.23587642212370374 0.4320554054860696 0.13989585156099363 0.39187472440729887 1.0 0.0 0 
0.0 0.0 0.0 0.7229201826612986 0.3227909739075817 0.41758437050947417 1.0 0.0 1 
0.5333333333333333 0.5333333333333333 0.5333333333333333 0.5653607316650654 0.43751847431280105 0.6560045308216896 1.0 0.0 1 
0.4833333333333333 0.5607142857142857 0.5219205181129452 0.8408681846800212 0.6482221332193547 0.29773282366017195 1.0 0.0 1 
0.0 0.0 0.0 0.7078590110024445 0.29532664826249233 0.27197340026414757 1.0 0.0 0 
0.041666666666666664 0.17777777777777778 0.18653859597847425 0.45787357685600893 0.23280015038503543 0.19525339261189037 1.0 0.0 0 
0.0 0.0 0.0 0.5861501186924646 0.2201421533629066 0.25810925436892695 1.0 0.0 1 
0.0 0.0 0.0 0.44363701370407904 0.14014285479785707 0.11602578973931847 1.0 0.0 0 
0.0 0.0 0.0 0.603970975087312 0.19959922527822638 0.08051878138980162 1.0 0.0 0 
0.0 0.0 0.0 0.4092122266453587 0.10503383961487192 0.12830173040119525 0.0 0.0 1 
0.16269841269841268 0.4755014185161244 0.5851473130341911 0.6892714049462929 0.23396984385215958 0.2349908362528601 0.0 0.0 1 
0.29330357142857144 0.5236584687242583 0.5149726144833013 0.7471945116305319 0.5418291133160325 0.5170111090824862 0.0 0.0 1 
0.23686157997725246 0.5591254701424749 0.6194797238079657 0.6822011352409989 0.23198441085260132 0.4589141415800596 0.0 0.0 1 
0.17993551587301587 0.5171714009030185 0.5502899550241217 0.6320418804243483 0.20616388410942224 0.3355470646341399 0.0 0.0 1 
0.4652777777777778 0.6826353276353276 0.7169581357533952 0.7978256691673495 0.6526126394761148 0.7711515442277029 1.0 0.0 1 
0.06904761904761905 0.18993589743589745 0.1554668205706878 0.4332323514533215 0.10156663814001102 0.2768536643008805 1.0 0.0 1 
0.11113756613756615 0.44683622241167 0.5332708962675365 0.5439659028908603 0.047181005348135546 0.31059161614361064 1.0 0.0 1 
0.1236631839055765 0.3168520202570534 0.3525595240828883 0.44802630724436043 0.12697487307753186 0.27273282702628326 1.0 0.0 0 
0.08256756883876758 0.3154399675585835 0.3738408277588657 0.6802453300354692 0.24045661132177093 0.37240812766120157 1.0 0.0 0 
0.1267361111111111 0.3830535205535206 0.43480574377743086 0.5923453114190917 0.2249912832658979 0.3200233276992664 0.0 0.0 0 
0.1597222222222222 0.5313414254590725 0.5866376256240688 0.42594974993107093 0.048719826460118826 0.33062662939675286 1.0 0.0 0 
0.8518518518518519 0.8888888888888888 0.7534250039752741 0.662390218414733 0.17243965718342885 0.4639493543746571 1.0 0.0 1 
0.15208333333333335 0.4414936914936915 0.49095380765642005 0.5517177403768085 0.03187910255417846 0.3496737916704432 0.0 0.0 0 
0.10714285714285714 0.42857142857142855 0.5198603854199589 0.18578767490245385 0.00678444195819821 0.19214980653334313 1.0 0.0 0 
0.0 0.0 0.0 0.0 0.03638041385316739 0.017823671672854216 1.0 0.0 1 
0.0 0.0 0.0 0.00915523098321791 0.0 0.0 0.0 0.0 0 
0.0 0.0 0.0 0.0038893868122198416 0.0 0.07087022093612731 0.0 0.0 1 
0.0 0.0 0.0 0.0 0.0 0.0 0.0 0.0 0 
0.6388888888888888 0.6762820512820513 0.682762265046662 0.30769461204379667 0.119569923389805 0.21096398084185616 0.0 0.0 1 
0.0 0.0 0.0 0.0 0.0 0.0 0.0 0.0 0 
0.0 0.0 0.0 0.0 0.0 0.0 0.0 0.0 1 
0.06807692307692308 0.2349636818290069 0.27298373359428885 0.6183216993767124 0.3277988913955053 0.40226544214679394 0.0 0.0 1 
0.0 0.0 0.0 0.20313183265193913 0.030159019723550555 0.26973340943273355 1.0 0.0 1 
0.0 0.0 0.0 0.4008480639387725 0.11319012800597204 0.16495637522701953 1.0 0.0 1 
0.1601190476190476 0.4158928571428571 0.3586522186705583 0.2932199180985785 0.18538576940902382 0.38633588243039907 1.0 0.0 1 
0.0 0.0 0.0 0.035520929231521725 0.04743184122363063 0.0 0.0 0.0 0 
0.0 0.0 0.0 0.0 0.028852043313709073 0.0 0.0 0.0 0 
0.10277777777777777 0.35119047619047616 0.4469205181129452 0.11348926977760831 0.07310035206076755 0.05042593680097377 0.0 0.0 0 
0.1075 0.3632943143812709 0.456867153145681 0.26623457905066794 0.20687041503997788 0.06289572619491432 1.0 0.0 0 
0.29916666666666664 0.49976190476190474 0.5575364144903561 0.6348419678051362 0.2865403847510935 0.34739204335842283 1.0 0.0 1 
0.16261363636363638 0.4203571428571429 0.39972962509445253 0.3739640837208793 0.14095472169825396 0.4290398091161158 1.0 0.0 1 
0.1611111111111111 0.396904761904762 0.42338626243880595 0.3956661670100803 0.22308878082034433 0.48427109560129655 1.0 0.0 1 
0.4226190476190476 0.5575163398692811 0.6022084259307472 0.5201637313324103 0.3466167040267866 0.6130657975824392 1.0 0.0 1 
0.75 0.7611111111111111 0.7485267963994963 0.8817827253088517 0.8030267973763265 0.8143363512431767 1.0 0.0 1 
0.2013888888888889 0.4884513634513634 0.545636158035223 0.5103957609326829 0.20428146438426015 0.5220194959828789 0.0 0.0 0 
0.0 0.0 0.0 0.4692958414916434 0.16297434741567524 0.17503960568968197 0.0 0.0 1 
0.0 0.0 0.0 0.38499400721594734 0.1464330535697049 0.3549402359343797 1.0 0.0 0 
0.3333333333333333 0.3333333333333333 0.3333333333333333 0.37668674534837054 0.09930009040830193 0.10255021669081363 0.0 0.0 0 
0.3869047619047619 0.5130718954248366 0.5531340657833997 0.5979688496204199 0.3266889803295372 0.5821606202564215 1.0 0.0 0 
0.3333333333333333 0.4642857142857143 0.5 0.40120849036433115 0.20639474815168285 0.3994848987386897 1.0 0.0 1 
0.391559829059829 0.5573870573870574 0.5703358258025372 0.2729036830076279 0.25112593940174033 0.5926681932914659 1.0 0.0 1 
0.45833333333333337 0.6530026990553306 0.7083333333333333 0.36164428301567497 0.2959205985252873 0.4795343180102221 0.0 0.0 0 
0.0 0.0 0.0 0.0 0.0 0.0 0.0 0.0 1 
0.0 0.0 0.0 0.0 0.0 0.0 0.0 0.0 0 
0.6388888888888888 0.7555555555555555 0.7348463557772106 0.2795266773123444 0.5380357630074999 0.7617030851105226 0.0 0.0 1 
0.21726190476190474 0.6117192331478046 0.6533855320369669 0.32839218245642854 0.12389760142464191 0.526881640255769 0.0 0.0 1 
0.0 0.0 0.0 0.0 0.0 0.0 0.0 0.0 1 
0.0 0.0 0.0 0.0 0.0 0.0 1.0 0.0 0 
0.0 0.0 0.0 0.0 0.0 0.0 1.0 0.0 1 
0.11666666666666667 0.4862914862914863 0.6600140296427484 0.3158291952507155 0.11031483832378672 0.1758596296823505 1.0 0.0 0 
0.0 0.0 0.0 0.0 0.0 0.0 1.0 0.0 1 
0.0 0.0 0.0 0.0 0.0 0.0 0.0 0.0 0 
0.0 0.0 0.0 0.0 0.0 0.0 0.0 0.0 0 
0.0 0.0 0.0 0.0 0.0 0.0 0.0 0.0 1 
0.23486783030242223 0.5861801686034291 0.6605528449994573 0.48836965361155915 0.200661541123013 0.5469871535057018 1.0 0.0 0 
0.1665156170575482 0.5026730453839235 0.5806807822354298 0.14639838082692935 0.0896235733253426 0.2700737387151835 0.0 0.0 0 
0.21660997732426301 0.5607618884874523 0.6157766732052503 0.5700447644212537 0.42639777055400213 0.37052899007005385 1.0 0.0 0 
0.34964826839826835 0.5886054421768707 0.619677691451674 0.6745330281658375 0.2802429457637355 0.5027320881038145 1.0 0.0 1 
0.2580952380952381 0.48141783029001073 0.5857142857142856 0.5439390234475868 0.3525069156591022 0.5445073964970836 1.0 0.0 1 
0.29166666666666674 0.4020729270729271 0.40849335959197125 0.5145140138561701 0.29406082287714985 0.4701663971903353 0.0 0.0 0 
0.21875 0.4461538461538462 0.5 0.5071077439802202 0.1849043619286268 0.3377390928613098 0.0 0.0 1 
0.11583333333333333 0.3553846153846154 0.4267255152713667 0.3248621172754884 0.11164553285864585 0.24194117701392373 0.0 0.0 0 
0.10977564102564102 0.27831501831501837 0.24782586519809802 0.39117289468830596 0.05710939170882704 0.24220160301906302 0.0 0.0 1 
0.11442460317460318 0.39662698412698416 0.5006637054140466 0.5347284778321197 0.13315824602218512 0.15666342851489592 0.0 0.0 1 
0.14888888888888888 0.467296918767507 0.5673107678818331 0.5799286476601262 0.16906467717185603 0.433950336015997 0.0 0.0 1 
0.046875 0.17307692307692307 0.15204941554056167 0.6546562076723643 0.3372989852430515 0.11963118004896886 0.0 0.0 0 
0.13125 0.4487179487179487 0.5391006457039911 0.17570817876120182 0.04411138434923101 0.3293485855585085 0.0 0.0 1 
0.2819940476190476 0.4084967320261438 0.37403122953733053 0.6219353090774623 0.19738443024477154 0.03408153527021373 1.0 0.0 0 
0.5178571428571428 0.5588235294117647 0.5333828481561307 0.36715727694332123 0.11561787359054466 0.27830442553093987 1.0 0.0 1 
0.3751072201805485 0.4833519383022503 0.4463378764972594 0.2820017751240671 0.14216218111350498 0.2727488802313438 1.0 0.0 1 
0.10432692307692308 0.3763888888888889 0.44903013983334267 0.3271706331446015 0.1785218468467871 0.10551571385825768 0.0 0.0 0 
0.10813492063492064 0.44448260073260076 0.5285463856097946 0.4058119229885424 0.11598997316750198 0.32432715888370856 0.0 0.0 0 
0.17013888888888887 0.4833333333333333 0.5833333333333333 0.625953808280263 0.3128360286266009 0.4865616592970991 1.0 0.0 1 
0.16296296296296298 0.4821428571428571 0.5736387920465065 0.5824177709963893 0.3085226680268916 0.4830174164698267 1.0 0.0 1 
0.3338551480037455 0.5182410579590007 0.5564568428747992 0.7386450605233156 0.44635293223552425 0.5646227399862302 1.0 0.0 1 
0.030539772727272728 0.13742690058479531 0.13784200073149644 0.4286019121967939 0.1237697362323755 0.22579504745849016 1.0 0.0 0 
0.09370692898600308 0.20800111032822016 0.12860417206140484 0.5150328916873642 0.21080014136567424 0.41556907312268554 1.0 0.0 0 
0.4608871266562797 0.6712949937774195 0.6471980688788381 0.2947881233919116 0.13764608274615128 0.2904726278228871 1.0 0.0 0 
0.13541666666666669 0.5364819004524888 0.6575309798246805 0.18550346139864393 0.01930046476332298 0.06182598534298844 1.0 0.0 1 
0.34722222222222215 0.37777777777777777 0.359025113304543 0.49303354450019166 0.2958193960791954 0.43521779511297165 1.0 0.0 1 
0.10411942554799697 0.35834333733493395 0.41335274480537076 0.3971486266378833 0.20928209109392845 0.2834740809367289 1.0 0.0 1 
0.11458333333333334 0.4595588235294118 0.589953461806653 0.22058352301710582 0.04135810068307735 0.07899544721600618 0.0 0.0 0 
0.0963181691239285 0.26372117134092055 0.2915721270392185 0.5821382255736403 0.08726634366995749 0.16107476563898165 0.0 0.0 0 
0.0 0.0 0.0 0.499774859966412 0.1201285682180689 0.3538575663793057 0.0 0.0 1 
0.0 0.0 0.0 0.38067032757211394 0.006249937915778962 0.0 1.0 0.0 0 
0.33701531454877715 0.4953110347487635 0.5584778869548479 0.7975541592525544 0.5677619749290613 0.716057431628755 1.0 0.0 1 
0.15902299152176397 0.4769977336132506 0.554048809705302 0.7427019981389515 0.2689992609297084 0.36633559513332586 1.0 0.0 1 
0.16736380797704112 0.455804372413856 0.49473525032027 0.49023368939224343 0.23759872466716817 0.27005783939557615 1.0 0.0 1 
0.5714285714285714 0.5714285714285714 0.39608410317711157 0.29301877957668576 0.09441330382230059 0.20382276603720045 0.0 0.0 0 
0.0 0.0 0.0 0.2892207167559515 0.027840590990760833 0.0 0.0 0.0 1 
0.09601757369614512 0.34181672669067625 0.4206509427186633 0.26309358864713017 0.14129788284011782 0.3913975071816338 0.0 0.0 1 
0.4892857142857143 0.6017857142857144 0.6576678573184468 0.3408547358974343 0.6557545788981676 0.3873356432594486 0.0 0.0 1 
0.13916666666666666 0.39206349206349206 0.4320603598496724 0.31398134587863913 0.1996260153370568 0.2843710773934851 1.0 0.0 0 
0.3316071428571429 0.5677738927738927 0.6362670544724959 0.8283382075830427 0.35314229974840866 0.4355569840058127 1.0 0.0 0 
0.10773809523809523 0.25721153846153844 0.18810030650572485 0.39716878745124995 0.15113888265795405 0.23746469811672002 1.0 0.0 0 
0.14583333333333331 0.4225427350427351 0.49383459432998406 0.33081319021641 0.078088080913376 0.09277257648828581 1.0 0.0 1 
0.08459595959595959 0.32539682539682535 0.3932344512974829 0.3529440943115171 0.11325330006738225 0.20659446582721902 1.0 0.0 0 
0.21884920634920632 0.5289718451483157 0.6203403879389787 0.3325358366696507 0.18124938386848657 0.3275445663068216 1.0 0.0 0 
0.06666666666666667 0.2380952380952381 0.3333333333333333 0.5040287083215216 0.17311429289591548 0.26117152915513425 1.0 0.0 1 
0.4750000000000001 0.625 0.7083333333333333 0.6021511658303145 0.41530557966469006 0.541643254012493 1.0 0.0 1 
0.0 0.0 0.0 0.20437906469189193 0.06920011285836351 0.073081350730659 1.0 0.0 1 
0.0 0.0 0.0 0.14098920236664947 0.0984091674397817 0.21026819909744068 1.0 0.0 1 
0.14285714285714285 0.625 0.8266785731844679 0.18322767498242387 0.03042762423525418 0.3118895500397873 0.0 0.0 0 
0.6502403846153846 0.7163865546218487 0.7209068940892084 0.23695995668458303 0.5321763719564203 0.7195249763888703 1.0 0.0 0 
0.6904761904761905 0.7647058823529411 0.7821911967599908 0.41598169084829306 0.46860271826963046 0.6861705544016796 1.0 0.0 1 
0.590224358974359 0.6577380952380952 0.6825878645338078 0.261592970134052 0.2389581272466378 0.436314535070484 1.0 0.0 1 
0.4625 0.6554621848739497 0.7083333333333333 0.39046243956810356 0.2891441867246242 0.6224431102719001 0.0 0.0 0 
0.0 0.0 0.0 0.39637527022969565 0.15100974882071547 0.18659021428626338 0.0 0.0 1 
0.140625 0.225 0.10255587569659946 0.3471109922490524 0.11897668651706932 0.09927302760007241 0.0 0.0 0 
0.15 0.24000000000000002 0.0 0.40847824627166496 0.08816693616097777 0.1606882199050592 0.0 0.0 1 
0.24032738095238096 0.5280405684541023 0.5776666454286914 0.755101666624674 0.30973219876185637 0.38840640047039904 1.0 0.0 0 
0.17329931972789114 0.533353989369027 0.6843449466436948 0.6499024970627756 0.21217952498817297 0.22030867799738657 0.0 0.0 0 
0.10111111111111111 0.36423976608187136 0.4798507696217772 0.7221232286879011 0.2278178769043835 0.4156736631375735 0.0 0.0 0 
0.08125 0.22994652406417113 0.17260924347106854 0.3316444997708776 0.13392036574437502 0.4751336576921751 0.0 0.0 0 
1.0 1.0 1.0 1.0 1.0 1.0 0.0 0.0 0 
0.057692307692307696 0.10714285714285714 0.05558097911529139 0.7124908047641362 0.46858546432970505 0.7587923824893045 0.0 0.0 0 
0.057692307692307696 0.10714285714285714 0.05558097911529139 0.001536060242030013 0.0014782501257160285 0.0 0.0 0.0 0 
0.028846153846153848 0.1875 0.22991417733240332 0.39569739671062654 0.21377941632196817 0.3424272760008562 0.0 0.0 1 
0.0763888888888889 0.3513157894736842 0.47481346202722147 0.5910854471766946 0.21559900584516062 0.12752691421904108 0.0 0.0 1 
0.06944444444444445 0.26785714285714285 0.2761454701743995 0.2835690649772382 0.05104928406399669 0.020726988602781132 0.0 0.0 0 
0.1890625 0.4359903381642512 0.46917137360731276 0.45904873039874516 0.18084838741004527 0.2214582684004023 0.0 0.0 0 
0.09947916666666667 0.23440285204991085 0.18747431611165394 0.7355111486556921 0.33062635145706765 0.26258268995706424 0.0 0.0 0 
0.4166666666666667 0.5 0.4828807771694178 0.9681189264024057 0.8163453658629692 0.6379693895777075 1.0 0.0 0 
0.3222222222222222 0.3819444444444444 0.3074340675312657 0.4343053389590036 0.2283909447697793 0.24035254212122742 1.0 0.0 1 
0.037037037037037035 0.1111111111111111 0.09589402415059363 0.4226897481154238 0.2552703511726713 0.19451437284281795 1.0 0.0 0 
0.4375 0.4833333333333333 0.45520433662348125 0.9710719785536815 0.7897576852711489 0.6489271796627273 1.0 0.0 1 
0.09027777777777778 0.26515151515151514 0.21576155433883568 0.0637435947503251 0.0 0.001823545051364834 1.0 0.0 1 
0.18730158730158725 0.2949346405228758 0.15666787641524516 0.446750711655605 0.2364087754684041 0.1973383046862006 0.0 0.0 0 
0.3409090909090909 0.35714285714285715 0.35343017140140737 0.3210376654742362 0.13388163755208168 0.2604454899126758 0.0 0.0 1 
0.047619047619047616 0.1568627450980392 0.08902092841634841 0.2791556812694955 0.26405373709353136 0.4050136432382956 1.0 0.0 0 
0.1477272727272727 0.532967032967033 0.580150899624181 0.035580841815387565 0.009237301734366671 0.047211349127652354 0.0 0.0 0 
0.0 0.0 0.0 0.0570256169501433 0.027852829316018766 0.0 0.0 0.0 0 
0.07481060606060606 0.34871794871794876 0.3992695133030703 0.09815824383542204 0.03639960832579689 0.0 0.0 0.0 1 
0.0 0.0 0.0 0.10597094718263578 0.01521126931614125 0.0 0.0 0.0 0 
0.046296296296296294 0.17857142857142855 0.18409698011626632 0.38930609034966546 0.1705298627260537 0.5413565141846419 0.0 0.0 0 
0.06284722222222222 0.27096273291925466 0.3106892910708836 0.5527582507124539 0.19019607336342093 0.2405257542512157 0.0 0.0 0 
0.04427083333333333 0.19384057971014493 0.22192719871166877 0.25384527233037923 0.1327977810701349 0.0 0.0 0.0 1 
0.31145833333333334 0.48091206179441476 0.5335639156829384 0.37980313817680456 0.11751942089219747 0.11773150600382287 1.0 0.0 0 
0.14166666666666666 0.5372023809523809 0.6697959568231711 0.4329159444460371 0.10814741214099702 0.20183933582556646 1.0 0.0 1 
0.13020833333333334 0.45237994826810624 0.5748265360835138 0.5789101695828689 0.23913635141717524 0.33530910204789666 1.0 0.0 1 
0.11840277777777777 0.4778444272445821 0.5994853983014896 0.5312930448897379 0.14244793931044952 0.06542619230520974 1.0 0.0 0 
0.1154513888888889 0.4655237854251012 0.5855810756009752 0.5106543853239914 0.09644274866058297 0.15733038053225662 0.0 0.0 0 
0.7678571428571428 0.8088235294117647 0.7833828481561307 0.8654242591068089 0.6731338556544249 0.7330370778214738 0.0 0.0 1 
0.08119658119658119 0.3492063492063492 0.3950141191429459 0.5344849563287383 0.12554740336690354 0.1562941505354776 0.0 0.0 0 
0.1111111111111111 0.3932692307692308 0.4221415843420168 0.19377110688690913 0.1597833095148072 0.0 0.0 0.0 1 
0.08333333333333333 0.26666666666666666 0.15415067982725836 0.14873315739101978 0.05735994332255917 0.04563309617158009 0.0 0.0 0 
0.1074074074074074 0.37534317534317535 0.4025967685872257 0.21371298582869724 0.14547815303910075 0.02113240191735038 0.0 0.0 0 
0.19999999999999998 0.5006808278867102 0.5370874340502557 0.4778196048934823 0.17110724436188107 0.5273438068313228 1.0 0.0 0 
0.0 0.0 0.0 0.45176981063892263 0.11637799573144657 0.02993843022676465 1.0 0.0 1 
0.2851851851851852 0.5795815295815296 0.6459687873550526 0.7087382222738111 0.26691832771721924 0.50870298176893 1.0 0.0 1 
0.0 0.0 0.0 0.03742183050753756 0.05479632688942968 0.0 1.0 0.0 0 
0.09419642857142857 0.3783263305322129 0.4275987738869511 0.07360326933419437 0.0 0.0 1.0 0.0 1 
0.0 0.0 0.0 0.5073139864165783 0.1618517167662525 0.3481954684996811 0.0 0.0 0 
0.43472222222222223 0.7429418453541261 0.8622930163310486 0.23107474218604485 0.10545720704297909 0.023143048658696496 0.0 0.0 0 
0.07142857142857142 0.25 0.26949825036634345 0.24383874444437936 0.0 0.007684840755290348 0.0 0.0 1 
0.11920194003527337 0.3928081178081178 0.4136868019411306 0.5988477417747117 0.1586622903133756 0.4360000130212363 1.0 0.0 0 
0.10714285714285714 0.375 0.4042473755495152 0.0 0.0 0.0 0.0 0.0 1 
0.041666666666666664 0.0784313725490196 0.034195529591700385 0.0 0.0 0.0 0.0 0.0 0 
0.1974206349206349 0.34386446886446886 0.22207734887987307 0.6551004010486683 0.2555907813298218 0.2829110239713422 0.0 0.0 0 
0.402521645021645 0.6185714285714285 0.679263188869972 0.6115487597747254 0.4617735186562734 0.4894166949963488 0.0 0.0 0 
0.2056150793650794 0.5890829882677708 0.6918139643347838 0.7488388727604178 0.39726539168605807 0.2773265901941827 1.0 0.0 0 
0.0 0.0 0.0 0.38819649289733693 0.05609639985913029 0.12602047694424257 1.0 0.0 1 
0.0 0.0 0.0 0.3598888081269196 0.10530560536148803 0.13786868079943398 0.0 0.0 0 
0.0 0.0 0.0 0.0 0.0 0.0 0.0 0.0 1 
0.6702380952380953 0.8244444444444444 0.8657811496718316 0.8998610724619677 0.7627578313349919 0.8615696400988025 0.0 0.0 1 
0.15 0.24000000000000002 0.08011883557471358 0.40561569659905006 0.05400622330960961 0.15157292494435276 0.0 0.0 1 
0.0 0.0 0.0 0.0 0.0 0.0 0.0 0.0 0 
0.0 0.0 0.0 0.0 0.0 0.0 0.0 0.0 1 
0.0 0.0 0.0 0.0 0.0 0.0 0.0 0.0 1 
0.0 0.0 0.0 0.0 0.0 0.0 0.0 0.0 0 
0.06666666666666667 0.12000000000000001 0.06321630939469577 0.40758851955377984 0.07943683840562352 0.10334863631672192 0.0 0.0 0 
0.0 0.0 0.0 0.16304713451026143 0.07862355536920947 0.25729121887387163 0.0 0.0 0 
0.0 0.0 0.0 0.03768390277205136 0.03190418407360145 0.10041934754631027 1.0 0.0 0 
0.07964522414880876 0.13937914226041534 0.07444596387537886 0.18301594192436677 0.027330793968775427 0.18791343130784188 0.0 0.0 0 
0.13852708159002966 0.4485844402513925 0.5631248704850579 0.6949156075424775 0.26337539102507 0.3719278159786004 0.0 0.0 1 
0.3798417068941726 0.5978222648729521 0.6355470246194432 0.6318390322133501 0.38894958706516186 0.592491213162567 0.0 0.0 1 
0.12694444444444444 0.35435897435897434 0.45421354040205664 0.6778035769832149 0.33298194753099297 0.40185799500031366 1.0 0.0 1 
0.4863095238095238 0.7104725614942333 0.7667842809170704 0.7992658634397609 0.38762725344639587 0.5043957696811823 1.0 0.0 1 
0.2611111111111111 0.46438914027149325 0.5092122885741349 0.4410650343894884 0.10583948162919979 0.345594097748529 1.0 0.0 1 
0.33564814814814814 0.6005624005624006 0.5981540208936935 0.5525508892644483 0.3562556215467344 0.39086664268721916 0.0 0.0 0 
0.18472222222222223 0.5573937319035358 0.7137772852793672 0.5798472032290054 0.22311301536918862 0.3411570232135482 1.0 0.0 1 
0.0992965367965368 0.4045751633986928 0.4689026512865156 0.038749497554408485 0.03890454483444023 0.2321721746687403 1.0 0.0 1 
0.20564058956916098 0.5507587650444793 0.6482055967847373 0.5702023499178984 0.19251502148911523 0.3420704949930358 0.0 0.0 0 
0.15960884353741497 0.5024064171122995 0.5700924235784379 0.08827734735611403 0.05444406221417772 0.12907954847669845 0.0 0.0 0 
0.12711940836940835 0.46359180035650627 0.5277196087092291 0.026229558485728388 0.01946486386105504 0.14353519656244873 0.0 0.0 0 
0.5027777777777778 0.6488927738927739 0.6343899368990022 0.45331012073578214 0.5116234929050022 0.7542331962203948 1.0 0.0 1 
0.5575562721537364 0.6820582394553952 0.6978483290324584 0.6413745194488704 0.6338520492924206 0.7646929699715845 1.0 0.0 1 
0.3291666666666667 0.5656608097784568 0.537739266011511 0.49283933627568544 0.4717652913623181 0.580159488906492 1.0 0.0 1 
0.5788308627344123 0.7500971592314349 0.7841473493445511 0.48521974277162094 0.48042476023687675 0.6574302444276587 0.0 0.0 0 
0.20694444444444443 0.5007478632478632 0.49940088503615954 0.4820347432164911 0.20020515028992378 0.47500495924767727 0.0 0.0 1 
0.26281297243019197 0.4703847341066646 0.46452582651564545 0.6300441366745285 0.4197379649129693 0.5530782880535932 1.0 0.0 0 
0.307771164021164 0.5189165409753645 0.47980714180812634 0.6952310617848212 0.6529142714921768 0.6343152760227869 1.0 0.0 0 
0.4037461487958368 0.4888702839199719 0.499570756244784 0.8812397702573688 0.5221897758335926 0.48833293003839995 1.0 0.0 1 
0.37899702471259067 0.5652523822114188 0.5883364869486458 0.5649053223384753 0.44201444546793356 0.5238938015593847 1.0 0.0 1 
0.3446969696969697 0.4538961038961039 0.3366433975699932 0.6757104123765947 0.6422761885874898 0.6298153578730098 1.0 0.0 1 
0.16416666666666666 0.41346153846153844 0.4099230349401117 0.7091423742798918 0.37510418468562057 0.5966996864125613 1.0 0.0 1 
0.09444805194805195 0.19214743589743588 0.11313376913077311 0.5106352581608333 0.2375082566641593 0.5340973310532977 1.0 0.0 0 
0.07211538461538461 0.25076312576312576 0.28521841711649576 0.49592156821894606 0.14849364629766718 0.37300235121991954 1.0 0.0 1 
0.08331313710736934 0.21826910995647997 0.18952632811897802 0.474291959285027 0.15715888032436434 0.2900597196075748 1.0 0.0 0 
0.5241071428571429 0.6855769230769231 0.7423745625915859 0.9363073449598984 0.6393479931492385 0.798174326839161 1.0 0.0 1 
0.2264729164194516 0.3457857573043992 0.32784573667418215 0.45946705125761444 0.1877694820045271 0.20857777696085023 1.0 0.0 0 
0.04086180725345659 0.189341247288992 0.20877998366889888 0.6189318481903843 0.1722693547386816 0.2549968483282694 1.0 0.0 1 
0.19447513039341738 0.48914673514954843 0.5590245417299843 0.6705728401025906 0.19388770957364648 0.38339274342023166 1.0 0.0 0 
0.3396670505727346 0.4144659872400142 0.42415250549033107 0.6502057620293177 0.4594450814457589 0.3486208605408643 1.0 0.0 1 
0.09424603174603174 0.3557692307692308 0.40180268431485255 0.570461340119603 0.12069094485762658 0.21777041943914063 1.0 0.0 0 
0.10975829725829725 0.3350427350427351 0.3916763208230032 0.4590158732276026 0.07301131797121621 0.18045040016932518 0.0 0.0 0 
0.129265873015873 0.46034177559912853 0.568741509568609 0.6032679014695589 0.1396639840641153 0.3623709374532246 1.0 0.0 0 
0.07834295334295334 0.3222419402543626 0.41121965352591083 0.7019219060848685 0.2443406777805691 0.4667879514993065 1.0 0.0 1 
0.09484126984126984 0.3388694638694638 0.4128605908079528 0.6643680547932679 0.2905776184283692 0.33328098861136485 0.0 0.0 0 
0.34464285714285714 0.40201465201465203 0.4129238461044331 0.6883844664959825 0.2271021749288436 0.28400843650863533 1.0 0.0 1 
0.24928571428571428 0.3748512357208009 0.38484722048369946 0.5013689240771989 0.2642791831669182 0.43528295986887994 1.0 0.0 1 
0.16428571428571428 0.4510147913680522 0.4924891256976427 0.42584332040582507 0.28705147175795526 0.46652935423432185 1.0 0.0 1 
0.075 0.2682126696832579 0.2784429345770363 0.610867009116102 0.2214679807511324 0.25259383955830056 0.0 0.0 0 
0.10526785714285714 0.3851284584980237 0.44354491900996806 0.4291616390974866 0.14583156462756294 0.37145246043320873 0.0 0.0 0 
0.24434523809523812 0.4175585284280936 0.443019767257674 0.46776056654529685 0.11101726581881262 0.403569223815701 0.0 0.0 1 
0.35333333333333333 0.5015669515669516 0.55 0.4313171493385789 0.10374638149980957 0.23737029621903755 0.0 0.0 1 
0.41374999999999995 0.6473919015766842 0.6839384133152455 0.381905673272819 0.270464464276023 0.33683516650557005 1.0 0.0 0 
0.5479166666666666 0.8680871212121213 0.9658952007104052 0.6167923273317522 0.4773200882402966 0.592651679549423 1.0 0.0 1 
0.28581709956709955 0.5182692307692308 0.5727617326312179 0.643285204295795 0.37320959446503404 0.3734574743805581 1.0 0.0 0 
0.4649242424242424 0.5396983408748114 0.5409832552504165 0.5150098866955387 0.2421512509502558 0.2798315500377374 1.0 0.0 1 
0.14771825396825397 0.4154075091575092 0.45502827401307366 0.3971235712584409 0.12839567760844922 0.02939386969089966 0.0 0.0 0 
0.038825757575757576 0.15674603174603174 0.1757570572472326 0.37043413522689705 0.07555212074233497 0.0 0.0 0.0 0 
0.4447916666666667 0.5572245564892624 0.5699102591507816 0.49230194880467604 0.3450643216794398 0.3351288705341027 0.0 0.0 1 
0.524084595959596 0.71830967235379 0.7568508898734607 0.6222662762549002 0.33453052226988783 0.35231080514607677 1.0 0.0 0 
0.09594988344988345 0.29506327006327004 0.33566301450786873 0.5512506687845604 0.2071397992630265 0.27662675482754623 1.0 0.0 1 
0.38684027777777774 0.6429638009049774 0.6647782144868137 0.6368692336922686 0.3992738014354687 0.4288709869194998 1.0 0.0 0 
0.0 0.0 0.0 0.38914909255334806 0.17129260823600878 0.07485258997298705 1.0 0.0 1 
0.3 0.5142857142857142 0.6 0.7110858818695531 0.2954840783285831 0.26726467668437875 1.0 0.0 0 
0.0 0.0 0.0 0.6071563393303999 0.13868039847099958 0.2664467088760928 0.0 0.0 1 
0.0 0.0 0.0 0.1442631532077745 0.00787381534829438 0.0 0.0 0.0 1 
0.1701388888888889 0.275 0.1271210374534499 0.4113327110691709 0.01729785984219884 0.08142457025162757 0.0 0.0 1 
0.3305028305028305 0.5614853896103895 0.5913459034233053 0.464843436137407 0.016089641694044303 0.1176481361539225 0.0 0.0 1 
0.0 0.0 0.0 0.21226656344933148 0.022610368402024766 0.1482917528685925 0.0 0.0 0 
0.0 0.0 0.0 0.43264330530855455 0.13699905698462872 0.11121337195390606 0.0 0.0 1 
0.0 0.0 0.0 0.2908114935771404 0.059357574406026604 0.23257593783864777 1.0 0.0 1 
0.6736111111111112 0.7961309523809523 0.773283892705827 0.8874028319932883 0.4632464074437228 0.39730905797765487 1.0 0.0 0 
0.2 0.5583333333333333 0.6349301927099795 0.4897978107222596 0.22132922227513305 0.49243776168292797 1.0 0.0 1 
0.2048611111111111 0.4681818181818182 0.4400978690823335 0.6075042033477756 0.17647796299491642 0.03541109607152159 0.0 0.0 0 
0.21924603174603174 0.47713744588744583 0.3680426659605627 0.48500430185784904 0.14146992192881508 0.13729197166349616 0.0 0.0 1 
0.13252314814814814 0.44112554112554114 0.5059241375763674 0.5742231477109011 0.07420137314957673 0.11763967889526816 0.0 0.0 1 
0.16875 0.5727124183006536 0.718867184338475 0.23098615344838702 0.1037371799787675 0.06187930584949677 1.0 0.0 0 
0.36111111111111116 0.5835622710622711 0.5682060397128085 0.5475686661339133 0.36789162871343334 0.37552780077770054 1.0 0.0 1 
0.12222222222222223 0.46438746438746437 0.5643823935199818 0.5028392542296476 0.16650892866080788 0.26750983464877076 0.0 0.0 0 
0.11388888888888889 0.37456987456987456 0.4567199102784993 0.5732455687962207 0.2429389442095771 0.22848132283761244 0.0 0.0 0 
0.14375 0.30700757575757576 0.3335606947349852 0.7517043349063047 0.4389231658870144 0.5553426227181493 0.0 0.0 1 
0.2047979797979798 0.40842864923747274 0.44280749584784146 0.5695110875547715 0.16789062122990744 0.33538800588584566 1.0 0.0 1 
0.15938492063492063 0.4907422969187675 0.5495149285885325 0.665800875158922 0.2839997905782548 0.14567512520776588 1.0 0.0 1 
0.3458333333333333 0.5684615384615385 0.6048712658213669 0.6669953501340619 0.26842146906538905 0.2956097803015409 1.0 0.0 1 
0.1219047619047619 0.4018090569561158 0.4474337698438766 0.7266846920860263 0.29901315566537146 0.5288928480677401 1.0 0.0 0 
0.2462301587301587 0.5803696303696304 0.6060270794691562 0.7539731072097277 0.32370859750122366 0.4510263185888229 0.0 0.0 0 
0.2946428571428571 0.45300505050505047 0.4000714148894826 0.6747839089598275 0.32584588564942285 0.4071180814087144 1.0 0.0 0 
0.1190836940836941 0.33674603174603174 0.2825822298992179 0.8114586979924213 0.3857661259113033 0.37038216431911813 1.0 0.0 1 
0.6236111111111111 0.689010989010989 0.6847297860387204 0.48949296740956727 0.8025670167064178 0.6636901435644669 1.0 0.0 1 
0.10231481481481483 0.22220418470418468 0.1751342676509166 0.7278587233903667 0.4472301769661476 0.3897375878092764 1.0 0.0 0 
0.2 0.5382575757575758 0.6217977435878602 0.12076186961760427 0.0 0.0 1.0 0.0 1 
0.11174242424242424 0.3548118548118548 0.35271504537654746 0.3317571625309885 0.11444407228439937 0.1996141625346205 0.0 0.0 0 
0.2451388888888889 0.36328976034858385 0.34628536275024513 0.42852769388583034 0.25760877840651086 0.35627112585923126 0.0 0.0 1 
0.3148809523809523 0.4987394957983193 0.5162363434260303 0.3271350488374245 0.17223214081690202 0.27149359387191857 0.0 0.0 1 
0.0 0.0 0.0 0.06407728337370044 0.0 0.0 1.0 0.0 0 
0.09999999999999999 0.36923076923076925 0.4158883083359672 0.06235375243560637 0.011865956066642326 0.0 0.0 0.0 0 
0.14583333333333334 0.23333333333333334 0.2080603839642606 0.1557804549562346 0.07289154119884579 0.048910009269326295 0.0 0.0 1 
0.3 0.40888888888888886 0.41589754344944607 0.7949896749259392 0.10197636427393475 0.31162247816524064 1.0 0.0 0 
0.5357142857142857 0.6428571428571428 0.6732867951399863 0.3478875580398444 0.1510019801044099 0.5278141018050682 0.0 0.0 0 
0.26010854831555236 0.42782939587133917 0.480558976949227 0.7094688324137925 0.24387732490563202 0.4516432237019209 1.0 0.0 1 
0.5722222222222222 0.6203703703703705 0.5719205181129452 0.5931704882420471 0.5266804724135394 0.6563707871521003 1.0 0.0 1 
0.267318362119146 0.44621705405734435 0.46040896497330414 0.5650200020012675 0.10154330674717163 0.47953036136975713 0.0 0.0 0 
0.2321354108283215 0.3845121932731339 0.4223926634279357 0.5499803078823671 0.3576256655578438 0.483229500577765 0.0 0.0 1 
0.2626818950851969 0.43082576093542113 0.4387323703958481 0.7550157098900292 0.4019826220051698 0.6369074111601962 0.0 0.0 1 
0.16223150318874585 0.3575408761489407 0.3901374351780589 0.6934497898051 0.2914669010772309 0.4944943411128556 0.0 0.0 1 
0.08505291005291005 0.292420814479638 0.3453316719014506 0.3443445919855408 0.019517271162311403 0.31828230849004624 1.0 0.0 0 
0.4057239057239057 0.5456349206349206 0.5750655454448492 0.5119739071529779 0.21607970669465107 0.46813472858878014 0.0 0.0 0 
0.07996031746031745 0.2904108562003299 0.3347104203085777 0.5829295199312313 0.1961710905342015 0.23019264408033122 0.0 0.0 1 
0.12499999999999999 0.39980607627666453 0.4601061911632396 0.692455222467719 0.32553676014628163 0.41862140058768843 0.0 0.0 0 
0.13035714285714287 0.4162801659125188 0.4511725365068111 0.2994475973427063 0.061101536709772176 0.14391559163219525 0.0 0.0 0 
0.14444444444444443 0.4097222222222222 0.4822448328851241 0.5528332059999362 0.18485140191204702 0.02857198053931366 0.0 0.0 1 
0.11507936507936507 0.28125 0.30835809074473197 0.7422102471005307 0.37224720676145234 0.4704909572686129 0.0 0.0 1 
0.07678571428571429 0.26303418803418804 0.2621987255798854 0.2569642285048588 0.1814496519189353 0.4322740836756703 0.0 0.0 1 
0.17040343915343914 0.478261322011322 0.5410100259747359 0.4538760164056699 0.1112757279224173 0.0 1.0 0.0 0 
0.05952380952380952 0.14791666666666667 0.1259770134984768 0.5725346136922715 0.3407652863959548 0.0 1.0 0.0 0 
0.15763888888888888 0.3962561947856066 0.4267610962464637 0.4706524903193199 0.09144809832774668 0.0 1.0 0.0 1 
0.0 0.0 0.0 0.18205656052534036 0.1785264379923844 0.33592693372612153 1.0 0.0 0 
0.2776388888888889 0.4716883116883117 0.5027375920121305 0.26827408391219754 0.16566981252809332 0.36633193088526295 1.0 0.0 1 
0.21081349206349204 0.368006993006993 0.3694639253900331 0.514938380106187 0.30068667100213275 0.3644003703898662 1.0 0.0 1 
0.3094480519480519 0.5180600649350648 0.5781997004795528 0.4249120187158667 0.11293765221816914 0.2641760700877861 0.0 0.0 0 
0.03809523809523809 0.06666666666666667 0.03560837136653937 0.4005080469859754 0.17036101931548042 0.35339341716723616 0.0 0.0 1 
0.07120460557960558 0.1867188367188367 0.14313802316127472 0.6137966216871948 0.058825795798654344 0.0 1.0 0.0 0 
0.041666666666666664 0.16666666666666666 0.20216792766331737 0.4358546187603327 0.0 0.0 1.0 0.0 1 
0.24027777777777776 0.2702020202020202 0.2675847889844694 0.7342381716238564 0.2019829506723473 0.3848374924085542 0.0 0.0 0 
0.16546296296296298 0.439696106362773 0.4914784121496216 0.5535120891997951 0.17189579703017144 0.28237916758224685 0.0 0.0 1 
0.0 0.0 0.0 0.7202070640640297 0.2727142684320899 0.4626167361565284 0.0 0.0 0 
0.07123015873015873 0.24853479853479854 0.2792854090334039 0.6561748198125406 0.17828772713082322 0.2513891758533905 0.0 0.0 1 
0.08888888888888888 0.2 0.26155446746979366 0.5885799845953408 0.24707683362450147 0.2775259088108987 0.0 0.0 0 
0.6125 0.6533333333333333 0.6559615787935422 0.8323481507853578 0.9027562670644593 0.7874397096899983 1.0 0.0 0 
0.27298794206718047 0.5130900313542068 0.6041549036212697 0.4511060263491471 0.10352425885836584 0.13639531147203388 1.0 0.0 0 
0.5833783664770946 0.7307907909539726 0.7538967660465703 0.8358593964732861 0.6395398371658284 0.6527032832790153 1.0 0.0 1 
0.12063313351943208 0.20105522253238678 0.10997010352097922 0.2611752958180106 0.09053068886708268 0.18179210399690926 1.0 0.0 1 
0.12088168219421222 0.373686264445771 0.4294157497546278 0.4277259202427879 0.1905298569820089 0.22250816869605158 1.0 0.0 1 
0.16666666666666666 0.26666666666666666 0.0 0.3574074718354494 0.08548039695701075 0.17537638830764102 0.0 0.0 0 
0.10569444444444445 0.29255633255633257 0.2971711923785237 0.7877968567918747 0.36752019100746697 0.4514507641818428 0.0 0.0 1 
0.041666666666666664 0.15384615384615385 0.14727758409301306 0.4129725238879698 0.18677914380442265 0.2206318689963333 0.0 0.0 1 
0.11180555555555555 0.3194444444444444 0.38266624601920907 0.23951464715207238 0.07159959874372399 0.1632003794544469 0.0 0.0 1 
0.07894536019536019 0.2727972709551657 0.31574182111308824 0.4297701167077127 0.26275929484666427 0.316372090566413 1.0 0.0 0 
0.0858058608058608 0.359375 0.4716395474255263 0.3950446388990003 0.1738447944225485 0.3537736884094907 1.0 0.0 0 
0.026515151515151516 0.048611111111111105 0.025378318288642027 0.4786337893380357 0.1685776166815306 0.2590758489287362 1.0 0.0 1 
0.09821428571428571 0.3068181818181818 0.3638218081517105 0.25964629054349553 0.09823818521970389 0.3708766499166628 0.0 0.0 0 
0.13690476190476192 0.31858974358974357 0.29123336605979777 0.7381192244873181 0.3907325709672917 0.2804134210762441 1.0 0.0 1 
0.13467261904761904 0.3208333333333333 0.2791990276883868 0.7407962723304523 0.32130044429698684 0.3400887183590674 1.0 0.0 1 
0.14166666666666666 0.308974358974359 0.23406064740463783 0.6897914079507163 0.23880674596899498 0.148858724032967 1.0 0.0 1 
0.20882936507936506 0.48962842712842713 0.49786521899302527 0.5953203862855444 0.25724987000552946 0.3199702577011759 1.0 0.0 1 
0.24305555555555552 0.4689814814814815 0.36661982584390096 0.6242902058611421 0.27434259136000444 0.28042991213615887 1.0 0.0 0 
0.0 0.0 0.0 0.24579113146629905 0.09550099813441117 0.07795071687540248 0.0 0.0 1 
0.05376838235294117 0.10017596782302665 0.042135670448411724 0.028223781338029497 0.0 0.0 0.0 0.0 1 
0.5197726809587733 0.658423831234533 0.6515468471462681 0.7532472056806816 0.5125769786913174 0.6594414173070109 0.0 0.0 1 
0.6166666666666667 0.809375 0.8509384782745243 0.7688672523174095 0.5872180222367388 0.6561694822310034 0.0 0.0 1 
0.0 0.0 0.0 0.20697118028306116 0.0 0.0 0.0 0.0 0 
0.08394741792729518 0.4243253711669291 0.5881274475660887 0.07577702706543432 0.0 0.0 1.0 0.0 0 
0.6329511052830084 0.726030615170101 0.7470978334359298 0.9191439018544161 0.597237193756416 0.6735381707075697 1.0 0.0 0 
0.5553571428571429 0.7194940476190477 0.7762088531800717 0.9533084821305484 0.7500523419555939 0.744221238351726 1.0 0.0 0 
0.08333333333333333 0.3229575163398693 0.3628117882441404 0.7434281198542125 0.3330896670757345 0.24003430001026763 1.0 0.0 1 
0.2043154761904762 0.5536458333333334 0.6545804682852304 0.7953397246360344 0.3488091704767093 0.3412282449971337 1.0 0.0 1 
0.6984126984126984 0.8519345238095238 0.7701164280533395 0.7816122492758479 0.5190299325965487 0.6547660174687311 1.0 0.0 1 
0.1515376984126984 0.3607638888888889 0.33250148831472515 0.7832222257817437 0.4018782079323133 0.4450635010146189 1.0 0.0 0 
0.07936507936507936 0.3394607843137255 0.4647228465346534 0.6565644324915615 0.2766963844177777 0.28872458071397183 1.0 0.0 0 
0.37096560846560844 0.704641878016491 0.8300902320590817 0.7452498468153205 0.2840415354814435 0.5489258402229235 1.0 0.0 1 
0.1263668430335097 0.38337542087542087 0.46388748967501137 0.6612128078740125 0.30081158164750393 0.45065549011403794 1.0 0.0 0 
0.09047619047619049 0.2828282828282829 0.33761349315567846 0.7456650385338168 0.3471889497892863 0.34619648651356594 1.0 0.0 1 
0.11339285714285713 0.3415329768270945 0.40891018791035183 0.6634989647747805 0.31885591326914453 0.3881007207547793 1.0 0.0 1 
0.1445875420875421 0.4160976278623338 0.4905657645533889 0.7508677180831953 0.47120780974091186 0.4328908890171277 0.0 0.0 0 
0.0 0.0 0.0 0.33216745158367456 0.27509674157133973 0.3198273946049974 0.0 0.0 1 
0.3391883116883117 0.4974049235078647 0.491104010678647 0.8111596071549461 0.6074010216084448 0.5713954806417331 0.0 0.0 0 
0.46190476190476193 0.5238095238095237 0.515582023883545 0.822728819731115 0.6600529747065922 0.5967739206946643 0.0 0.0 1 
0.56 0.575 0.5735001814622868 0.15958678809323912 0.04679759457357512 0.16179152233094124 1.0 0.0 0 
0.0 0.0 0.0 0.0839680973741439 0.006497547851512417 0.0 1.0 0.0 0 
0.22428571428571428 0.3698168498168498 0.344154077209028 0.6871269165908871 0.2761445611683303 0.22876772163808978 1.0 0.0 1 
0.3767857142857143 0.4532967032967033 0.46349799328389846 0.5851236038270653 0.6858686307809677 0.6471584675031302 0.0 0.0 1 
0.0 0.0 0.0 0.5133274578803666 0.09586981386580568 0.20762712225465177 0.0 0.0 1 
0.0 0.0 0.0 0.22720393811068895 0.03952439792042689 0.0 0.0 0.0 0 
0.0 0.0 0.0 0.4194416686869402 0.06722215831619356 0.07841607297901952 0.0 0.0 0 
0.10214285714285715 0.3746243814664867 0.4638646493291293 0.4809904379891621 0.14293974786278926 0.36028290677440755 0.0 0.0 0 
0.0688095238095238 0.2449947518368571 0.2971979826624626 0.4343710423837861 0.173256824368286 0.1983795674503163 0.0 0.0 1 
0.3333333333333333 0.3333333333333333 0.3333333333333333 0.5513185208599837 0.22656218706147968 0.3975849857359428 0.0 0.0 0 
0.20590277777777777 0.5851114163614164 0.6599912473979748 0.6324611355504121 0.1650063211571788 0.37939215657538866 0.0 0.0 1 
0.11041666666666666 0.3637283768862716 0.41205398607686095 0.3812973593911352 0.11206968246385035 0.39320142278110065 0.0 0.0 1 
0.13090277777777776 0.28085381054131053 0.27356283252393415 0.7486839614904407 0.4474243380811134 0.2998783644739106 0.0 0.0 0 
0.131146978021978 0.35563499000999 0.3366983872085509 0.5008602450225136 0.23706438115602932 0.37438912126014345 0.0 0.0 0 
0.5666666666666667 0.7567752100840336 0.7554042388657867 0.9008393584084875 0.6671145254714124 0.5783050351414989 0.0 0.0 1 
0.14533730158730157 0.3700773491214668 0.3059968436159033 0.4980673911748873 0.20683954336827523 0.4877452197033121 0.0 0.0 0 
0.40580357142857143 0.617445054945055 0.587502821261035 0.6607839428161133 0.28068123260697614 0.23764230862871538 1.0 0.0 1 
0.23660714285714285 0.5722565628815629 0.6206804279597936 0.48892280546382727 0.29032813737633734 0.5417593585378195 1.0 0.0 1 
0.05823863636363637 0.19391025641025642 0.16292583766426538 0.43409668059682627 0.04314089779051827 0.36371783046408607 0.0 0.0 0 
0.078125 0.1388888888888889 0.06585032228614143 0.4094626623518588 0.04081203918806137 0.2600656270658855 1.0 0.0 1 
0.321577380952381 0.5429563492063492 0.5702745459964949 0.3843465291015171 0.13364361623896512 0.4471651938125324 1.0 0.0 1 
0.0625 0.11363636363636365 0.0 0.4816045633445919 0.07235574519375668 0.19459948504466856 1.0 0.0 0 
0.3989583333333333 0.668469887955182 0.5899885580513585 0.5099724534535908 0.0885543098017898 0.2985849123365545 1.0 0.0 0 
0.29513888888888884 0.5200456461824496 0.5639924832620764 0.7179468248603316 0.2579901446103017 0.4939493660869903 1.0 0.0 1 
0.27972222222222226 0.5182957393483709 0.6326678573184468 0.6319925457900761 0.5203742409190549 0.5857530929489035 1.0 0.0 0 
0.08166666666666667 0.3143478260869565 0.3687705900152414 0.4370386482217882 0.08780462018784817 0.06917232652613137 0.0 0.0 1 
0.1373611111111111 0.4641533809439988 0.5921321460736375 0.5960525368679517 0.23061690474327054 0.4206563544951314 0.0 0.0 1 
0.248342803030303 0.29843073593073594 0.2921133267497354 0.6037535040474654 0.24370635859565423 0.16726472281935623 1.0 0.0 0 
0.3611111111111111 0.4074074074074074 0.3927791573231221 0.8606829002995866 0.584837853853338 0.33296528806477016 1.0 0.0 1 
0.3095012626262626 0.49106065503124324 0.4335888568882532 0.6555811069782628 0.18686683824666783 0.15031136995580457 1.0 0.0 1 
0.0900297619047619 0.14895833333333333 0.03718597637173391 0.5968553377854249 0.3164530520374885 0.3577184738639283 1.0 0.0 0 
0.2685185185185185 0.3376322751322751 0.25004510686779835 0.7021773234008353 0.2742196876880117 0.5102385455640515 1.0 0.0 0 
0.0 0.0 0.0 0.0 0.0 0.0 1.0 0.0 0 
0.0 0.0 0.0 0.0 0.0 0.0 0.0 0.0 0 
0.0 0.0 0.0 0.0 0.0 0.0 0.0 0.0 1 
0.0 0.0 0.0 0.568849321905564 0.13616586967058958 0.20734462236540177 0.0 0.0 1 
0.35 0.35 0.35 0.7406887106910899 0.4883899029768094 0.5705806166330325 0.0 0.0 1 
0.068001443001443 0.2346938775510204 0.2715826515439772 0.6198146114487486 0.2225899163652412 0.30508044499565495 0.0 0.0 1 
0.2427891156462585 0.42160864345738297 0.48476705587988533 0.73637046105721 0.28525852690332393 0.5815646007364609 1.0 0.0 0 
0.049999999999999996 0.0875 0.04673598741858292 0.5601852999465847 0.20360454836125177 0.3783758055754795 1.0 0.0 1 
0.675 0.675 0.675 0.7839905373950037 0.8037065920612911 0.8163059033191239 1.0 0.0 1 
0.0 0.0 0.0 0.45810002729365473 0.008114255934687108 0.14430065127114725 0.0 0.0 0 
0.08035714285714285 0.26704545454545453 0.2796147573095845 0.4192402428557699 0.08840273658053732 0.3531009213479735 0.0 0.0 0 
0.7125 0.7461538461538462 0.7405465108108165 0.936007364292059 0.8307696346794134 0.8208146705288273 0.0 0.0 1 
0.06964285714285715 0.24011857707509882 0.26285948348138405 0.42359066902705234 0.09317578469943329 0.30429872647385 0.0 0.0 0 
0.0 0.0 0.0 0.0 0.0 0.0 0.0 0.0 1 
0.0 0.0 0.0 0.0 0.0 0.0 1.0 0.0 0 
0.0 0.0 0.0 0.20971134802911817 0.04842159066462803 0.13684575175982785 1.0 0.0 1 
0.0 0.0 0.0 0.0 0.0 0.0 0.0 0.0 1 
0.0 0.0 0.0 0.29842421967056365 0.044582636225359344 0.4097323864387096 0.0 0.0 0 
0.0 0.0 0.0 0.20539255998991468 0.08883834084527492 0.3690087752467116 0.0 0.0 0 
0.0 0.0 0.0 0.30385976816386306 0.046427739863623745 0.43789467197867854 0.0 0.0 1 
0.07354797979797979 0.2997265892002734 0.3774036774390558 0.2609619235528553 0.0792965502715385 0.4206262645796592 1.0 0.0 0 
0.3214285714285714 0.6010416666666667 0.6941300629262748 0.3560821153023078 0.059916819827150955 0.4144170263788893 1.0 0.0 1 
0.07500000000000001 0.23076923076923078 0.18087154261266608 0.0240632097023874 0.02069104316753863 0.004948303425453048 0.0 0.0 1 
0.0 0.0 0.0 0.0295057342018894 0.05367222266921643 0.0 0.0 0.0 1 
0.09122474747474746 0.2773809523809524 0.22921538736288138 0.0226667954251234 0.03462830046116897 0.0 0.0 0.0 0 
0.0 0.0 0.0 0.0292225557000253 0.0 0.0 0.0 0.0 0 
0.0 0.0 0.0 0.06892605931389306 0.02650706612727814 0.0 0.0 0.0 0 
0.2 0.3333333333333333 0.1823215567939546 0.13692710918641637 0.03132413839599836 0.0 1.0 0.0 0 
0.41666666666666663 0.7967032967032968 0.9232867951399863 0.3018257119850951 0.10948755083030352 0.0 1.0 0.0 1 
0.0 0.0 0.0 0.0 0.0 0.0 1.0 0.0 1 
0.4375 0.7428571428571429 0.75 0.7177784267238407 0.4052882479121856 0.29246770146838363 0.0 0.0 0 
0.0 0.0 0.0 0.0 0.0 0.0 0.0 0.0 0 
0.13571428571428573 0.3958333333333333 0.4711172168330806 0.5197648823368928 0.11581937532210651 0.12069386084367774 0.0 0.0 1 
0.0 0.0 0.0 0.0 0.0 0.0 0.0 0.0 0 
0.17142857142857143 0.5833333333333333 0.7072326190432934 0.006605663606853662 0.0 0.06072775553125702 0.0 0.0 1 
0.1510281385281385 0.47605042016806726 0.5381302386417788 0.2543490476205932 0.13476472813734894 0.1651338774226273 0.0 0.0 0 
0.11458333333333331 0.42708333333333326 0.5173222925539545 0.15318554690219033 0.039432401613379 0.28080137903822777 0.0 0.0 1 
0.07060185185185186 0.3235294117647059 0.3671452634409331 0.033167932877568695 0.0 0.033631113788979365 0.0 0.0 1 
0.41833333333333333 0.6141025641025641 0.6673181876133457 0.29338243916242457 0.10777486663142741 0.663243769460055 0.0 0.0 1 
0.18621031746031746 0.6365468409586057 0.7868078521314047 0.3273843898893237 0.08015315072737102 0.05463005525492478 0.0 0.0 0 
0.2 0.6445868945868947 0.8333333333333333 0.22669002727954934 0.08426336207468417 0.13336534648534853 0.0 0.0 0 
0.07407407407407408 0.2650793650793651 0.31257790681905884 0.5217129204568757 0.11183433842061645 0.12167380301245247 0.0 0.0 0 
0.2777777777777778 0.6916329284750338 0.8333333333333333 0.13386549118085966 0.0 0.08019130238302381 0.0 0.0 1 
0.2170138888888889 0.5414617351957506 0.6216147900141276 0.4080893508584281 0.03194744931292553 0.15682944986099193 0.0 0.0 1 
0.06666666666666667 0.12000000000000001 0.06321630939469577 0.4211743198292255 0.002828218765811454 0.2562481231997301 1.0 0.0 1 
0.31453335283554706 0.5024313463344585 0.5178053012133966 0.7171067654845017 0.2367646331376091 0.4590954528201093 1.0 0.0 1 
0.0 0.0 0.0 0.2457633498608054 0.12623835313953605 0.16433630567402777 0.0 0.0 0 
0.17500000000000002 0.6226190476190476 0.8055105819084681 0.15932531146344797 0.0908699834131692 0.030488188986047948 0.0 0.0 0 
0.090625 0.3088235294117647 0.35943359216923754 0.4315229528534825 0.048747091107762666 0.0 0.0 0.0 1 
0.28109134705149985 0.5877912303079139 0.6045995798297781 0.5474404556170108 0.12016741184188837 0.130124589423482 0.0 0.0 0 
0.1840827670099341 0.5168392901864318 0.6020841070668642 0.7797988471318824 0.31608220360802536 0.3969459462597348 1.0 0.0 0 
0.5671026638819383 0.5790852824322844 0.4079921196009368 0.6586158645547353 0.225595179912474 0.23809819233755905 1.0 0.0 1 
0.11111111111111112 0.4320987654320988 0.5555555555555556 0.6803503075160409 0.1616402705726044 0.29555253230277695 1.0 0.0 0 
0.0 0.0 0.0 0.5492870298728295 0.17664105570846478 0.28121063147699776 1.0 0.0 1 
0.11665249433106575 0.3689075630252101 0.42158211632682163 0.3726903900685743 0.18759367737356172 0.39741966132636514 0.0 0.0 1 
0.3988095238095238 0.5695003525885879 0.6195697452551194 0.6279389022101922 0.5292247052235846 0.6639283365085658 0.0 0.0 1 
0.18659297052154195 0.5215558950853069 0.5333765261103713 0.6144807448331298 0.3222807104679631 0.573421095814467 1.0 0.0 0 
0.07738095238095238 0.29464285714285715 0.3216737868872361 0.38462425942432943 0.17498463923962848 0.47036756205438285 1.0 0.0 1 
0.150297619047619 0.429351285968933 0.523755818839165 0.5706277819572678 0.22402992847428102 0.5849529746318156 1.0 0.0 0 
0.328125 0.39772727272727276 0.37557393779843606 0.4840214065131485 0.5855680071817642 0.603730178678622 1.0 0.0 0 
0.08263888888888889 0.32979302832244006 0.37557393779843606 0.06486288876042245 0.11794509277524269 0.1108702572756661 0.0 0.0 1 
0.0920304232804233 0.3617854732986312 0.4188177058853676 0.35340002695959094 0.18325568866586936 0.5628712372432287 0.0 0.0 1 
0.07411165223665223 0.29183436532507745 0.3256477522346328 0.3067912901919936 0.18181245361124698 0.08084157554828517 0.0 0.0 0 
0.0 0.0 0.0 0.0 0.0 0.0 0.0 0.0 1 
0.22437996031746033 0.5353529232205703 0.5275674278208017 0.5532814564357991 0.21119757753042046 0.2519237232667508 0.0 0.0 1 
0.5071180555555556 0.5955294705294705 0.5898463504690977 0.7618924420449533 0.4953145035804511 0.6664902470143017 0.0 0.0 1 
0.0 0.0 0.0 0.0 0.0 0.0 0.0 0.0 0 
0.0 0.0 0.0 0.07638521540384158 0.000541486981507541 0.0 0.0 0.0 0 
0.0 0.0 0.0 0.3707514112893723 0.19927210941632534 0.11637944831022613 1.0 0.0 1 
0.0 0.0 0.0 0.4733899956385401 0.0845081188091261 0.15848176083849722 0.0 0.0 0 
0.7 0.7222222222222222 0.6970535927989925 0.8721445997089687 0.5978537489189464 0.4284113408822241 0.0 0.0 1 
0.041666666666666664 0.12121212121212122 0.09589402415059363 0.5980588937039677 0.13376782899150827 0.19921330486906205 0.0 0.0 0 
0.0 0.0 0.0 0.0 0.0 0.0 1.0 0.0 1 
0.2347222222222222 0.5061813186813187 0.5882933569578204 0.771885085603146 0.3703394206897237 0.289161167964029 1.0 0.0 1 
0.0 0.0 0.0 0.0 0.0 0.0 0.0 0.0 0 
0.190625 0.5085679945054945 0.5601799030426821 0.5001815648990516 0.16505672236451263 0.26156003857109694 1.0 0.0 1 
0.08035714285714285 0.2765567765567765 0.33565583901057916 0.6368219740692157 0.2570385322466347 0.36138349047509116 1.0 0.0 1 
0.0920138888888889 0.36519607843137253 0.4403403542716672 0.35956633046947606 0.05635640252631828 0.14596308367742325 1.0 0.0 1 
0.0 0.0 0.0 0.6816156031819811 0.2873934672924709 0.34524601179234415 1.0 0.0 1 
