0.0 0.0 0.0 0.0 0.0 0.0 0.0 0.0 0 
0.1111111111111111 0.4444444444444444 0.5648652402581358 0.4648659394413789 0.19989863985350798 0.015490943424350286 0.0 0.0 0 
0.06909090909090909 0.31092436974789917 0.30611838322913015 0.054802023129424615 0.0 0.1590888975385631 1.0 0.5 0 
0.16999999999999998 0.3961538461538462 0.447935386501908 0.19677033919137266 0.08693212242127704 0.29370686446887534 1.0 0.0 0 
0.22941604162212043 0.5899872957287106 0.6735622932513907 0.40345773461785317 0.22315976566474352 0.313075980122149 1.0 0.0 1 
0.5199496319994034 0.5199496319994034 0.5199496319994034 0.7405232965001959 0.34419726890507474 0.402285740104621 1.0 0.0 1 
0.4612562670956057 0.677687886068741 0.6756664892481912 0.7172136349972225 0.2890678663609109 0.3317884856555839 1.0 0.0 1 
0.5833333333333334 0.5833333333333334 0.40433585532663474 0.6234425955364828 0.2918001121534511 0.18250910641922977 0.0 0.0 0 
0.5625 0.5625 0.5625 0.7835521888115389 0.4626614271495586 0.5118717092650932 0.0 0.0 1 
0.0 0.0 0.0 0.0 0.0 0.0 1.0 0.0 0 
0.0 0.0 0.0 0.0 0.0 0.0 0.0 0.0 0 
0.39925925925925926 0.5938630351130352 0.586210747752451 0.7748913167514966 0.38115675900595636 0.6127887204059518 1.0 0.0 0 
0.4431878306878307 0.6296764346764346 0.6664583250632845 0.7552790112975155 0.6204356734683883 0.6199286227549891 1.0 0.0 1 
0.36282407407407413 0.5354232804232804 0.5541325610063225 0.8003435748253548 0.5929431993289583 0.559381335616254 1.0 0.0 1 
0.34005952380952387 0.5060374149659863 0.5235240163561767 0.6943027691245226 0.4621567511836905 0.4721479860337509 1.0 0.0 0 
0.16428571428571428 0.175 0.16335313926245226 0.30326958933420056 0.041546171177673924 0.0 1.0 0.0 1 
0.225 0.225 0.225 0.611825948547525 0.21662121781226076 0.22713781574758926 0.0 0.0 0 
0.0 0.0 0.0 0.5193043469602238 0.13854121079155263 0.0 0.0 0.0 1 
0.14464285714285713 0.3296703296703297 0.3417955765939974 0.7289358920477298 0.25425458954232155 0.30217764093984223 0.0 0.0 0 
0.0920138888888889 0.43014705882352944 0.5051375059629111 0.004067661573113668 0.03157378697916286 0.09914063801264987 0.0 0.0 1 
0.09399350649350649 0.40714285714285714 0.44761219253597984 0.01901025825048075 0.06472235921026684 0.0 1.0 0.0 0 
0.16655328798185942 0.4162393162393162 0.4549320757174752 0.6890724111055162 0.24920780992422223 0.43211765143028136 1.0 0.0 1 
0.12196969696969696 0.5488038277511962 0.7074404279371581 0.00896682827213624 0.08138029554048824 0.0 0.0 0.0 0 
0.3120995670995671 0.5112523839796567 0.5121292421702921 0.7962826620229977 0.3487622599892097 0.6393804382000589 1.0 0.0 1 
0.08511574074074074 0.2635198135198135 0.28544179900522904 0.641331334244825 0.22858725097812846 0.3022822587484058 1.0 0.0 0 
0.425 0.52 0.48717340920985863 0.35696801814166057 0.3912334249044798 0.46191918170486707 1.0 0.0 1 
0.11076388888888888 0.3064685314685315 0.33330361283660725 0.39186247724493306 0.21588805085502472 0.4202763550532725 1.0 0.0 0 
0.0 0.0 0.0 0.0 0.0 0.0 1.0 0.0 0 
0.39517761059073664 0.6045156602543063 0.6596595810571755 0.4223740367392449 0.4796344714123126 0.5373921933690645 1.0 0.0 1 
0.0 0.0 0.0 0.0 0.0 0.0 0.0 0.0 0 
0.0 0.0 0.0 0.25393031154435053 0.08830451131104808 0.0 1.0 0.0 0 
0.1104137112909756 0.27875238030329025 0.30159743560198443 0.5541186066788761 0.30882585138402646 0.011445738769770532 1.0 0.0 0 
0.29143876478887176 0.5254067835746031 0.593326320357805 0.7612926420635747 0.3784265572926561 0.45487726666404255 1.0 0.0 0 
0.20844963425369833 0.4850064188808083 0.4922765102703367 0.7662643599866601 0.4179559975922739 0.6172518571601097 1.0 0.0 1 
0.30333333333333334 0.43773809523809526 0.37021473105383673 0.7316585600454911 0.48228749225019246 0.5140212803742057 1.0 0.0 0 
0.2283730158730159 0.5025030525030525 0.5188754022823812 0.7128656431468667 0.3375467439189869 0.5029111439913202 0.0 0.0 0 
0.18363338017869332 0.4497074470093657 0.5027913896847669 0.6000192811388354 0.27514887492578816 0.5368995919910191 1.0 0.0 0 
0.24661717452840673 0.48320391206614044 0.5279032782771171 0.7436054015769216 0.33699210332616736 0.5760309822783535 1.0 0.0 0 
0.2064814814814815 0.42014652014652015 0.3298291995530035 0.5357361112739867 0.19012279233668133 0.22571100175215658 0.0 0.0 0 
0.3958333333333333 0.6312483812483812 0.6988981006548372 0.5186637353036176 0.18216305788479117 0.39446736426123763 0.0 0.0 1 
0.09761904761904763 0.27415293040293043 0.26014932952032166 0.3539199514872555 0.05739770813874638 0.14829035565605062 0.0 0.0 0 
0.33020202020202016 0.4280112044817927 0.3519662548168508 0.08637738134216888 0.009725721628549506 0.0 0.0 0.0 1 
0.09239718614718614 0.24107142857142858 0.19732072245009513 0.324730330606821 0.09890083495979889 0.3024800696404045 1.0 0.0 0 
0.3438131313131313 0.46043956043956047 0.3755126583870758 0.05966418326828593 0.0 0.0065643381625006825 0.0 0.0 0 
0.501031746031746 0.5353846153846153 0.5276092869937034 0.8228480057825838 0.5119361806044052 0.4841273536128907 0.0 0.0 1 
0.10873015873015873 0.38332766977268257 0.4765205446505505 0.2296891880525158 0.026880046889555143 0.0 0.0 0.0 0 
0.0 0.0 0.0 0.0 0.0 0.0 1.0 0.0 0 
0.0 0.0 0.0 0.0 0.0 0.0 0.0 0.0 0 
0.2276190476190476 0.4073232323232323 0.4537746921034245 0.5555446220654343 0.39708830978861726 0.4995753654298228 0.0 0.0 0 
0.07083333333333333 0.29321266968325793 0.3838367493649206 0.2438106162194027 0.012082051371691053 0.09039748716984469 0.0 0.0 1 
0.5561111111111111 0.716111111111111 0.7566843368897802 0.6713601408198505 0.6151962514956674 0.7637691963994379 1.0 0.0 0 
0.037037037037037035 0.14285714285714285 0.14727758409301306 0.6049910854392861 0.14552995510406755 0.2576906785881508 1.0 0.0 0 
0.5 0.5 0.5 0.060361297823956495 0.07015353378487402 0.1951775278093394 1.0 0.0 0 
0.39912878787878786 0.5011854811854812 0.3776382762667595 0.5460544161395922 0.19255903735536758 0.28463809742224666 1.0 0.0 1 
0.08333333333333333 0.3333333333333333 0.42364893019360184 0.1469966698081604 0.022906477151319216 0.12729161891017693 0.0 0.0 0 
0.3279761904761905 0.40499999999999997 0.4193871450667176 0.48756342325019786 0.5221944120389755 0.6849962599272981 1.0 0.0 0 
0.053392857142857145 0.20244089244089242 0.2604280123914139 0.4771884859745362 0.16814483759748994 0.21476326239645874 0.0 0.0 0 
0.048611111111111105 0.2127622979016168 0.26655609312922346 0.24002048780921004 0.07834598936026672 0.09109522120683362 1.0 0.0 0 
0.42592592592592593 0.70203081232493 0.7789960722619453 0.6420983667327427 0.5095500767495046 0.6391210725366429 0.0 0.0 0 
0.30954059829059827 0.4802130467571644 0.5048148670636763 0.5164243156789854 0.1746198614665776 0.29464226208634353 0.0 0.0 0 
0.2434714151883154 0.48467404539646197 0.4999361753154463 0.6399226559721896 0.5067678628896014 0.5742494789392175 1.0 0.0 0 
0.3526142100737463 0.5953036488675557 0.6098582481492199 0.7901931126022965 0.37312965602265036 0.6029058316146657 1.0 0.0 0 
0.06207482993197279 0.1865182436611008 0.17529535650866052 0.49065131878252743 0.21127672126679373 0.5262211492470273 0.0 0.0 0 
0.06944444444444443 0.2967032967032967 0.33338940574043324 0.014601729681488429 0.018588925757703958 0.2327646296822359 1.0 0.0 0 
0.13871001683501685 0.5192024410774411 0.6402184335475467 0.07230283988025132 0.041365708310711055 0.4254567044595818 1.0 0.0 0 
0.22339285714285714 0.47974260558070625 0.5416966565746718 0.6138641673824592 0.3274247614247489 0.6478988986373316 1.0 0.0 0 
0.1317989417989418 0.38931531431531435 0.47270481007404613 0.5551950329581679 0.2055508042121848 0.5921370381423733 1.0 0.0 0 
0.30892857142857144 0.6159649878844925 0.6909854760119618 0.5745992645677942 0.21997616260067684 0.6429485379539809 1.0 0.0 1 
0.0 0.0 0.0 0.2515450507549446 0.07728544611914105 0.0 1.0 0.0 1 
0.37312705725449463 0.6114625515746752 0.695006168832988 0.6183611212789517 0.44593995552818405 0.687507459943286 1.0 0.0 1 
0.0 0.0 0.0 0.3159973083805756 0.0925127279004332 0.0 0.0 0.0 0 
0.0 0.0 0.0 0.24907599438571282 0.06562119177274647 0.0 0.0 0.0 1 
0.4324123404390633 0.6783039533216246 0.7160459667564876 0.6466085816607695 0.36367323986577005 0.7660778589458008 1.0 0.0 0 
0.1358270202020202 0.3790170613700026 0.3426128792285176 0.4967553783169324 0.1092458534825552 0.1447730006074181 1.0 0.0 0 
0.12482363315696648 0.3732719350366409 0.42760041991977293 0.7227286695472559 0.1836559061011948 0.15499225897083943 0.0 0.0 0 
0.022222222222222223 0.04040404040404041 0.01933586155325107 0.46210917237524174 0.15978474620725505 0.28207422341295674 1.0 0.0 0 
0.23015873015873017 0.4744616170054766 0.5703846810303812 0.7395681103385477 0.5857331769569645 0.6868465536209477 1.0 0.0 1 
0.05 0.08333333333333333 0.04558038919848865 0.41581030892594484 0.15006191320645063 0.2849273437833906 0.0 0.0 0 
0.39705541460194976 0.39705541460194976 0.39705541460194976 0.4103423446645271 0.11999325353527143 0.21220256354860084 0.0 0.0 1 
0.1572172619047619 0.42509922997539096 0.4564146309883206 0.46915474085111897 0.11916353594191503 0.3946536246760782 1.0 0.0 0 
0.14764209071382742 0.27512026198032147 0.31460034921588875 0.6167038023532522 0.21880761308132646 0.3874821541124721 1.0 0.0 0 
0.31873720446934967 0.4291693325614013 0.45883577080154925 0.5429642742154727 0.28651277871134845 0.38079189249358514 1.0 0.0 1 
0.17057827767173156 0.3299024537610049 0.35615967274798915 0.7945241549918685 0.5173720365410152 0.5487110355123159 1.0 0.0 1 
0.061071428571428575 0.19037433155080213 0.1847999187550931 0.3593240002559335 0.11117808139467128 0.28431867883669404 1.0 0.0 0 
0.4164886513573463 0.5125307853592187 0.4419983886303123 0.6183258020234079 0.6034901996015559 0.6247793064722352 1.0 0.0 0 
0.2744897959183673 0.46327392679559865 0.42950125921865573 0.4051654597259555 0.4018197442143499 0.3710980459940957 1.0 0.0 1 
0.5963742373900084 0.7149895295261232 0.7402141049861156 0.6977066157435426 0.659007192097292 0.5681533759027397 1.0 0.0 0 
0.18704906204906205 0.3569882498453927 0.24326177527046272 0.6266114658753363 0.23468135682841104 0.15756874210853228 1.0 0.0 0 
0.35414028250271545 0.4871944657031956 0.5092302059341763 0.5470647149715192 0.47559818074530447 0.53694954824222 1.0 0.0 1 
0.14133972613938434 0.506619183305627 0.615248168303031 0.6357408302659076 0.17533225825544052 0.21786294658471198 1.0 0.0 0 
0.0 0.0 0.0 0.13789266296926062 0.03130897802720381 0.21861628825494056 0.0 0.0 0 
0.1076388888888889 0.17500000000000002 0.039510193371684856 0.07092943884080138 0.0028322944919264557 0.0 1.0 0.0 0 
0.21114348614348616 0.33112930098224214 0.3109974647703781 0.5840843966904893 0.22917041702878177 0.15247549535823784 1.0 0.0 0 
0.0 0.0 0.0 0.0 0.0 0.0 1.0 0.0 1 
0.1375 0.27272727272727276 0.13705351085665857 0.6356804772718256 0.44622654760671626 0.5610845933642937 1.0 0.0 1 
0.0 0.0 0.0 0.0 0.0 0.0 0.0 0.0 0 
0.0 0.0 0.0 0.0 0.0 0.0 0.0 0.0 0 
0.0 0.0 0.0 0.0 0.0 0.0 0.0 0.0 0 
0.0 0.0 0.0 0.0 0.0 0.0 0.0 0.0 0 
0.0625 0.2 0.11561300987044376 0.3925607293211447 0.294733817347422 0.46037221100123465 1.0 0.0 0 
0.10317460317460317 0.3988095238095238 0.4691772469064384 0.22757823996157345 0.0897053565151329 0.19888489150591276 0.0 0.0 0 
0.08978174603174602 0.31509834703112016 0.3860600227327817 0.5419987809529889 0.1289732521635 0.20565768258456998 0.0 0.0 0 
0.09365079365079365 0.2980992854807827 0.36748860616369494 0.5122944754624439 0.14186998628294595 0.38005823437672076 1.0 0.0 0 
0.22753968253968254 0.557037037037037 0.6521485328802483 0.6726762864736704 0.24569442269455125 0.47453962993075716 0.0 0.0 0 
0.29791666666666666 0.5966666666666667 0.43472978603872037 0.4202453130185819 0.19633584546565155 0.43118100967070117 0.0 0.0 1 
0.2969047619047619 0.43187229437229435 0.4022750380332061 0.5479103693741985 0.3901581654114692 0.454294342572708 0.0 0.0 1 
0.19179894179894177 0.4897712418300654 0.5769804528432634 0.7426130915252454 0.269642544490431 0.6154143961679369 0.0 0.0 0 
0.195 0.49875 0.4156420185871208 0.38468351320120675 0.12361228830638346 0.349756671569119 0.0 0.0 0 
0.2222222222222222 0.4145299145299145 0.46170375341226244 0.4748413332617789 0.21397729381194525 0.37321485978787 0.0 0.0 0 
0.2222222222222222 0.6015037593984962 0.6997296250944526 0.09219943039225909 0.02908904580936826 0.2605995641300387 0.0 0.0 1 
0.25416666666666665 0.5925925925925927 0.7244289317133288 0.28113809707879356 0.1649231372344702 0.22466914546634784 1.0 0.0 0 
0.29166666666666663 0.8095238095238095 0.9618244650968009 0.11793729451872048 0.04400210852867048 0.24920442117561692 0.0 0.0 0 
0.0 0.0 0.0 0.0 0.0 0.0 0.0 0.0 0 
0.0 0.0 0.0 0.023149099760497283 0.0 0.026078326881632197 0.0 0.0 1 
0.0 0.0 0.0 0.0 0.0 0.0 0.0 0.0 0 
0.16666666666666666 0.26666666666666666 0.23104906018664842 0.14472665586530464 0.40400598304056246 0.22191373238897072 1.0 0.0 0 
0.38257575757575757 0.5056022408963585 0.5045844234639948 0.21224918113928615 0.11224850412172488 0.19653564668857365 1.0 0.0 0 
0.062470862470862476 0.23253968253968255 0.19956645978084536 0.1297239503272103 0.04134409685079173 0.09138586690148887 1.0 0.0 1 
0.09375 0.4369747899159664 0.5198603854199589 0.04700532876811092 0.049606945042870346 0.15509968618149572 0.0 0.0 0 
0.10220652363509505 0.4267431972789115 0.5205726652460708 0.07890104213205373 0.0 0.06617424297641876 0.0 0.0 0 
0.08333333333333333 0.3879551820728291 0.46209812037329684 0.09149136450294115 0.05741814350619974 0.13313209060621745 0.0 0.0 1 
0.3758245722531437 0.5376650660264106 0.4869156970429177 0.6328401055223369 0.16202346581804514 0.377818037230582 0.0 0.0 0 
0.6527777777777777 0.861111111111111 0.8812803454086302 0.3927016192938211 0.6408396834917551 0.6028787140206834 1.0 0.0 1 
0.07804232804232804 0.3183876811594203 0.4019228198754832 0.2717584596281686 0.10665075494022459 0.055590972856658497 0.0 0.0 0 
0.1613095238095238 0.5040378724589251 0.6155245300933242 0.6661237294160274 0.23467560818190086 0.4315021188212555 0.0 0.0 0 
0.0582010582010582 0.2578125 0.3299502813912426 0.7364936377119572 0.3457496127378583 0.29642030287868054 0.0 0.0 1 
0.22136243386243387 0.3973734598734599 0.45892946994061795 0.7615101609794972 0.45164293055672566 0.5055860176044342 1.0 0.0 0 
0.29171176046176045 0.5608972828897641 0.616584698420761 0.7080842847670876 0.40786563496200756 0.5581905170567955 1.0 0.0 1 
0.32857142857142857 0.4567810029994904 0.47051407021783054 0.8722985036871527 0.6712061657935646 0.5737949529270259 0.0 0.0 0 
0.15975765306122447 0.40076030412164865 0.3783273123487173 0.23562339520786302 0.08667217119218133 0.06808088103923425 1.0 0.0 1 
0.3714105339105339 0.5153571428571428 0.4861230825962362 0.7479981432318618 0.49182100560567676 0.484287719809209 1.0 0.0 1 
0.34895833333333337 0.5504807692307692 0.5438974772509106 0.2343384863825302 0.1056529545036947 0.1763161174216648 0.0 0.0 0 
0.3029067321310738 0.5378905200345616 0.5364843669279035 0.7505883564194444 0.4459991370581424 0.3522708623452868 1.0 0.0 0 
0.22282300042347664 0.4594360231096794 0.5238124507662651 0.5773796334647212 0.21709732929026135 0.5049424714323973 1.0 0.0 0 
0.1380952380952381 0.3937391774891774 0.4440100570443156 0.455006044539638 0.15882012409063198 0.28419030513872395 0.0 0.0 0 
0.55 0.55 0.55 0.4321519772926904 0.2786401182517383 0.4005122073765253 0.0 0.0 1 
0.0 0.0 0.0 0.17626195895150543 0.03412695368512231 0.0 0.0 0.0 0 
0.3354761904761905 0.555889724310777 0.6486569568272791 0.5338347698632302 0.4466327330948576 0.4293396914309975 0.0 0.0 1 
0.0 0.0 0.0 0.19534889715937542 0.04085547946947364 0.06426573557792095 0.0 0.0 0 
0.0 0.0 0.0 0.26405587555385346 0.09975792835060536 0.0853634761777624 0.0 0.0 1 
0.31375 0.5870418552036198 0.6338114168280189 0.47556124738883643 0.18566118433208273 0.19274072950432475 0.0 0.0 0 
0.1906547619047619 0.3717233643549433 0.3815311837847427 0.6553851432909548 0.4756639156569892 0.5572234448483022 0.0 0.0 0 
0.2509970238095238 0.477749060150376 0.5332638607048099 0.6417321988317639 0.5903287193942801 0.6331438670019738 0.0 0.0 1 
0.3439903846153846 0.6034262212146828 0.6664007018135012 0.8237776032652866 0.5285685320903244 0.6063493667539596 1.0 0.0 0 
0.3244391025641026 0.5323645652593021 0.6032774053943233 0.805466391226612 0.4770247455166757 0.5172261092834595 1.0 0.0 1 
0.18671016483516484 0.39160706907362425 0.4305042635956386 0.6580943826818902 0.366030648616544 0.2806074894358476 1.0 0.0 0 
0.1800289987789988 0.44823717948717956 0.47809780805164487 0.5898904019082891 0.2146011814415933 0.13552057448881635 0.0 0.0 0 
0.29560932762719816 0.5047042728748522 0.5655997227803712 0.41397061591461237 0.20701069192332536 0.4025318498964463 0.0 0.0 1 
0.16939102564102565 0.44654549319727893 0.4931217251345941 0.6184193839567823 0.299036157983208 0.2651209445404864 1.0 0.0 0 
0.10359848484848486 0.38283146591970124 0.47489474518977554 0.0806574912520126 0.057435756530536584 0.08356831357556735 1.0 0.0 1 
0.33584237428175867 0.540086533946311 0.6110189408120683 0.3227669058993432 0.15400149825576315 0.19298879404943384 0.0 0.0 0 
0.1697688687417509 0.4244234667223813 0.37390175114552804 0.23630253802476409 0.026876239662701785 0.29691829016350485 0.0 0.0 0 
0.10714285714285715 0.3535353535353536 0.46753565825930965 0.10611319288697918 0.0 0.14277849005856977 0.0 0.0 0 
0.06673881673881674 0.2201923076923077 0.23183027033703824 0.11251602508262692 0.04680682458415029 0.19978504117144913 1.0 0.0 0 
0.2222222222222222 0.43357315562284515 0.4628734347870018 0.5616977414266626 0.18023214997501255 0.3941951521803951 1.0 0.0 0 
0.20297619047619048 0.44964819869126094 0.4898082420979004 0.5270998068139758 0.19730223426166812 0.32577039268290314 0.0 0.0 0 
0.33551587301587305 0.6211519961519962 0.6808526562523516 0.5372759038912092 0.1983559150601108 0.4934832625034858 0.0 0.0 1 
0.1680465367965368 0.4548800979722032 0.4892200530108568 0.7329082349111551 0.4407838345126852 0.36582032091045597 1.0 0.0 0 
0.39303030303030306 0.5418181818181819 0.5390888704267673 0.6803190760895524 0.35533849190917655 0.4011658539301054 1.0 0.0 1 
0.14511904761904762 0.45689033189033185 0.5278798047910956 0.5000839588216328 0.19261058200382972 0.46955755229643525 1.0 0.0 0 
0.07857142857142857 0.3142857142857143 0.3812309493079699 0.13628321012152922 0.04524741397773874 0.0 1.0 0.0 1 
0.16666666666666666 0.5490196078431372 0.6666666666666666 0.48488498733338736 0.11966653011842754 0.1226821940315852 0.0 0.0 1 
0.06666666666666667 0.12121212121212122 0.0 0.22735747197111755 0.02844185038831235 0.0 0.0 0.0 1 
0.11388888888888887 0.20238095238095238 0.17233466405676973 0.615401576356705 0.23571741781957006 0.14167353895999768 0.0 0.0 0 
0.18650793650793648 0.46815221815221814 0.43871618300144943 0.40870033331828914 0.04496992293244384 0.09712013220556145 1.0 0.0 0 
0.07291666666666666 0.11666666666666667 0.0 0.2611890152115598 0.09430904877998464 0.05434138464472222 0.0 0.0 0 
0.021825396825396824 0.039285714285714285 0.020695815575644448 0.44790130747100365 0.25309053763962136 0.3844535748733219 0.0 0.0 0 
0.10158730158730159 0.3892029539088362 0.5140289023677933 0.6989683420818001 0.22276934391892655 0.461620818473179 1.0 0.0 1 
0.11249999999999999 0.38098662946960166 0.4616823738102763 0.4860283842232268 0.11384230596580551 0.29316483167032015 1.0 0.0 0 
0.1875 0.48704246880938606 0.5798086023287481 0.3674988082701275 0.12227708070612255 0.429366903724654 0.0 0.0 1 
0.26785714285714285 0.5158335398936903 0.5692590482623306 0.6128645073850159 0.43206038846658007 0.4947178209306426 0.0 0.0 1 
0.3220238095238095 0.5686251718206605 0.6547350522767253 0.4580366798286297 0.4349846041044767 0.5035226111129574 0.0 0.0 0 
0.375 0.375 0.375 0.7916047925604133 0.650526014757959 0.7546454279531777 0.0 0.0 1 
0.09727891156462586 0.3423472419270739 0.4271111950264129 0.49961705638700016 0.2990285363153601 0.4130678874062411 1.0 0.0 0 
0.0839002267573696 0.34773909563825534 0.44807633041420364 0.1852095134829682 0.13748565648571753 0.2614924463332088 1.0 0.0 0 
0.0 0.0 0.0 0.15142841420175546 0.09949683345138711 0.058639801146969775 0.0 0.0 0 
0.1084077380952381 0.42001563251563256 0.5196351616465662 0.3701044405137147 0.17781313667457416 0.2532245262652461 0.0 0.0 1 
0.11979166666666666 0.21875 0.25029577522077584 0.4099803438938696 0.08901085251136157 0.34054513514344964 1.0 0.0 0 
0.4245535714285714 0.710558712121212 0.753729690795258 0.5220919729209331 0.14377532215674146 0.4519193052633356 1.0 0.0 1 
0.5625 0.5625 0.5625 0.9515140716172442 0.6643283592831069 0.5023699533450694 1.0 0.0 1 
0.5208333333333334 0.7371794871794872 0.8333333333333333 0.5433439037930458 0.41615776543209104 0.6582921949974296 1.0 0.0 0 
0.31595238095238093 0.6633333333333333 0.6826801677297999 0.3398046607139664 0.04541064639781879 0.36028337470114036 0.0 0.0 0 
0.0 0.0 0.0 0.4594062637622227 0.05492625536647015 0.3555723970135462 0.0 0.0 0 
0.0 0.0 0.0 0.5071969486926398 0.16782480437137934 0.29341698563202434 0.0 0.0 0 
0.42000000000000004 0.5971742543171115 0.6857142857142857 0.8561329307556169 0.7009852249762152 0.5924401152199387 0.0 0.0 1 
0.4525 0.7088235294117647 0.8163150809805682 0.5022675806245083 0.676527366244651 0.6028022033874034 1.0 0.0 1 
0.17083333333333334 0.5695238095238095 0.7080165811787067 0.3966178747463257 0.1126694800842034 0.1313401630674408 1.0 0.0 0 
0.19575757575757574 0.4666666666666667 0.4881580703022643 0.2528979726127092 0.1641378013362488 0.2950223188857387 0.0 0.0 1 
0.18789882956549622 0.5006155064978594 0.5295695867264371 0.4895852082096488 0.1447265010389375 0.08890039870590995 0.0 0.0 0 
0.23624338624338626 0.44689659755449224 0.4626752882367047 0.6213251926569502 0.16935046043370128 0.24940486013100266 1.0 0.0 0 
0.5876322751322751 0.6814273689273689 0.705312648950203 0.2888470394451421 0.4116433905663292 0.47310522101901437 1.0 0.0 1 
0.09347442680776014 0.3992256322818983 0.5169318554831308 0.15445936990454978 0.03548641325220985 0.1327199634231225 0.0 0.0 0 
0.21303794244970714 0.5939256465321845 0.6999216826231277 0.1978841496380226 0.036503632329786914 0.2828441218110748 1.0 0.0 0 
0.14566993464052286 0.4075944452560734 0.44373445973431186 0.6528164938979624 0.20799146621133704 0.32208364576705695 0.0 0.0 0 
0.2305063400651636 0.5103803059685412 0.479608515189734 0.5138508745132724 0.23445310098477032 0.23361183102368857 0.0 0.0 1 
0.18905334861217213 0.4381238322221294 0.5037192425072263 0.4748111128527437 0.22349752437108797 0.3567759805390949 0.0 0.0 1 
0.45591736694677865 0.7405932601666531 0.8203256789723498 0.8062029275375867 0.3944649862922909 0.48509753713235354 0.0 0.0 1 
0.16464646464646465 0.4119047619047619 0.42135918217533336 0.3963874429338037 0.15119543675907257 0.12948867208614914 0.0 0.0 0 
0.171875 0.47307692307692306 0.41197960825054114 0.22935108955552708 0.05043553694154523 0.10184104472713616 1.0 0.0 0 
0.17982142857142858 0.5017857142857143 0.6071062126388718 0.4152471048748305 0.14595539696919496 0.29072665879256293 0.0 0.0 0 
0.3176190476190476 0.6089640768588137 0.6580668486577895 0.5738177685701278 0.4558548102144609 0.5350936144303265 0.0 0.0 0 
0.175 0.28 0.24260151319598083 0.4992474439368224 0.13619299787542502 0.039737901256358225 0.0 0.0 1 
0.46675170068027216 0.6677871148459384 0.6997911426725898 0.5126352608675088 0.5103591969967741 0.6151621147567542 0.0 0.0 1 
0.10714285714285714 0.24107142857142858 0.315266545610912 0.386343039179058 0.13436646434650096 0.19331884500810045 1.0 0.0 0 
0.22130102040816324 0.52123778998779 0.6086120340061696 0.5432601109276523 0.2202344810860609 0.40580446807833476 1.0 0.0 1 
0.09375 0.15000000000000002 0.050074272234195985 0.4676897830267299 0.12154700535492773 0.0018679733552687304 0.0 0.0 0 
0.27440476190476193 0.47002060439560445 0.5239275664932357 0.3742684591750315 0.08670839574525552 0.27612230443460284 1.0 0.0 0 
0.1802348357579981 0.47159904051250867 0.5163642400206458 0.4559566051406003 0.12078180512623729 0.2017409232272617 1.0 0.0 1 
0.2461724939662901 0.4714874409182402 0.5387572631955126 0.4064888948173644 0.1501240329032267 0.2990212416197869 1.0 0.0 0 
0.4553010496770811 0.526222127856747 0.49104682926345716 0.7722070041826208 0.6854856906728221 0.3337353317109095 1.0 0.0 1 
0.07222222222222222 0.19627329192546583 0.16988252508721557 0.6722784146597345 0.25089699559100287 0.3154348350789866 1.0 0.0 0 
0.47736908439022174 0.6210035972154098 0.5430568285687474 0.4248359131736307 0.16722596969239192 0.32397853000577836 1.0 0.0 1 
0.22325467908882474 0.3856774436546831 0.44269717070248726 0.8083849520441853 0.3750918854674786 0.5514710865824948 0.0 0.0 0 
0.4570964101081396 0.6553485046601242 0.7055571635398675 0.801646996084515 0.5608794472066742 0.5345767764870598 0.0 0.0 0 
0.2398833577412533 0.42816989139266187 0.2611731177045442 0.33889825586874245 0.036890082970877015 0.054810086003853634 0.0 0.0 0 
0.25364583333333335 0.43911713286713294 0.2944588564771963 0.5442543709747989 0.08999426960517742 0.1603364743097219 1.0 0.0 1 
0.3000639327678112 0.5372681377638113 0.5672125452318836 0.7286256777901882 0.33412145417540406 0.36716625399627506 1.0 0.0 0 
0.17676443003761183 0.5536738543037178 0.7180487175611858 0.49982170303946194 0.11049861446921813 0.13755983074060169 1.0 0.0 0 
0.28647582928537474 0.5510509478540249 0.6288713153822996 0.8426570834698957 0.46786300553079097 0.5374924036836525 1.0 0.0 1 
0.1875 0.5982905982905983 0.7814453072307916 0.31555105573159803 0.07761412991422507 0.170577003413242 0.0 0.0 0 
0.1877777777777778 0.5412698412698412 0.5885776982692031 0.4053171676898931 0.24138485866601445 0.4365305200468814 0.0 0.0 0 
0.1111111111111111 0.3636363636363636 0.35933100048845795 0.13391152490432012 0.05033769206171069 0.08258471585200793 0.0 0.0 1 
0.265625 0.49004524886877826 0.44495756033653056 0.6142959456402847 0.20830166063664307 0.23041902957605762 1.0 0.0 0 
0.125 0.20833333333333331 0.11395097299622162 0.20191157287538775 0.07574180166794005 0.17284081988902858 0.0 0.0 0 
0.3739975032836037 0.5803806176118916 0.6280074901491889 0.43868864738106794 0.16881051102412375 0.12569863030862832 0.0 0.0 1 
0.0 0.0 0.0 0.14475594577859063 0.04281706976998977 0.0029003819984159797 1.0 0.0 0 
0.0 0.0 0.0 0.09056641812982913 0.03871003211028443 0.13372152633907766 1.0 0.0 1 
0.4344905331790143 0.6336220645612332 0.6217739056151224 0.9275043499317597 0.7458040475555106 0.6430486528893358 1.0 0.0 1 
0.19605784421225214 0.5333701424164061 0.5365995930390849 0.3586578205798676 0.13717477747095602 0.21101818340037432 1.0 0.0 1 
0.19444444444444442 0.4666666666666667 0.5833333333333334 0.17092619804180398 0.01765592339284563 0.31262855534594647 0.0 0.0 0 
0.0 0.0 0.0 0.1524463895507897 0.050757922927352164 0.08837503807725798 0.0 0.0 1 
0.30833333333333335 0.5166666666666667 0.46209812037329684 0.3144333785778728 0.0712410185426841 0.10458169535654617 0.0 0.0 0 
0.15714285714285714 0.4095238095238095 0.5002678499165142 0.3590811123641722 0.1081317079506383 0.1528928173295685 1.0 0.0 0 
0.30642857142857144 0.6418997710727034 0.7217237394391957 0.39494925721463914 0.2324392223085444 0.35474917684992324 1.0 0.0 0 
0.3497030648433563 0.5807110307979945 0.6303178027803653 0.5933775907354775 0.3697541007620391 0.7255386443054056 1.0 0.0 1 
0.13297619047619047 0.4072008124725516 0.49305405814844544 0.641600583041346 0.23200544465123568 0.31941325094903095 0.0 0.0 0 
0.3074404761904762 0.4444501576854518 0.3783100642366598 0.5487452041762066 0.15298453025107367 0.3253864476368899 0.0 0.0 1 
0.12746919037522927 0.35939671163922704 0.33124298767808 0.640644411288203 0.2288097510022101 0.3574765611591411 0.0 0.0 0 
0.15338976499690785 0.40356280193236715 0.3680850918801553 0.6243175106399778 0.23169700332248316 0.35985689948524124 0.0 0.0 1 
0.17649436526876838 0.5244436682527335 0.5730003779753381 0.5986809085208826 0.21175777873375817 0.4955764502435996 1.0 0.0 0 
0.26250991733630535 0.49833390479095263 0.5559273395052963 0.6342351578916707 0.40663317309574115 0.6118324102036252 1.0 0.0 1 
0.21556947931051776 0.524867837084878 0.5814860912889946 0.47757793164356643 0.20137958023274066 0.5301075989927253 0.0 0.0 0 
0.17539682539682538 0.442314307639385 0.5253366804937774 0.7332267371923729 0.23988470694264816 0.3449953211949665 1.0 0.0 0 
0.4404583356327313 0.6239820541728414 0.6406018543029918 0.8259486244258563 0.5567789359017871 0.5863800395039626 1.0 0.0 1 
0.29898326405645376 0.5565580814516148 0.6452725309902301 0.6456373759880785 0.4377096505205067 0.6767062384715115 0.0 0.0 0 
0.26503038015450725 0.45672637079715894 0.4014651848099322 0.5504413728071069 0.34308155347323155 0.32119251232665613 0.0 0.0 1 
0.19157441083668306 0.214563340137085 0.18120204452984942 0.6152468362444907 0.25851515694117383 0.47217623686136695 0.0 0.0 1 
0.10632440476190476 0.3468978937728938 0.386690872520398 0.5418256954302223 0.22612313989083957 0.29598759632115 0.0 0.0 0 
0.30833333333333335 0.40645292207792205 0.44174003937508477 0.4084574652642263 0.172064677471809 0.2106159383158076 1.0 0.0 0 
0.253125 0.275 0.225 0.5283349757709951 0.18559167482350578 0.3676492232134796 1.0 0.0 0 
0.0 0.0 0.0 0.06577830965672837 0.07611621366169391 0.022366973827775836 1.0 0.0 1 
0.08499999999999999 0.2879120879120879 0.28586358784524796 0.0 0.0004211783500692154 0.0 0.0 0.0 0 
0.05312499999999999 0.14027777777777778 0.12127421266485455 0.2948412524628743 0.10359675113232213 0.10692676749192347 0.0 0.0 1 
0.10644161840416409 0.3819598516374456 0.41632109246283777 0.1871790350497804 0.1391243487078019 0.10267915034091155 0.0 0.0 0 
0.0 0.0 0.0 0.0 0.0 0.0 1.0 0.0 0 
0.0 0.0 0.0 0.0 0.0 0.0 0.0 0.0 0 
0.0 0.0 0.0 0.0 0.0 0.0 0.0 0.0 1 
0.17708333333333331 0.3375 0.2679975078521759 0.5044894914861585 0.31511450186940926 0.25793565926354955 0.0 0.0 0 
0.08928571428571427 0.390625 0.5166741082402925 0.2529811945704854 0.05334702631428693 0.18951501691266437 1.0 0.0 0 
0.31547619047619047 0.478125 0.5167534955467958 0.7470046884452294 0.46538893240014884 0.43921393807642695 1.0 0.0 1 
0.06666666666666667 0.19999999999999998 0.17260924347106854 0.23075836893147894 0.060082626027573596 0.1398130923991722 0.0 0.0 0 
0.15625 0.3672727272727273 0.26083366887537635 0.34688549256596457 0.05156348857060144 0.008443260369730662 1.0 0.0 0 
0.6 0.6 0.6 0.0 0.0 0.0 1.0 0.0 1 
0.0 0.0 0.0 0.0 0.0 0.0 0.0 0.0 0 
0.0 0.0 0.0 0.0 0.0 0.0 1.0 0.0 0 
0.07885802469135803 0.2685401018734352 0.27697281326327117 0.3793032271134864 0.07599300130244678 0.503102260015301 1.0 0.0 0 
0.06481481481481481 0.19444444444444442 0.16781454226353887 0.23008195538130416 0.02698605973147564 0.07888981743308277 1.0 0.0 1 
0.10381593714927048 0.1791005291005291 0.06336758519821625 0.4667637391191467 0.1350379399983271 0.180019015579451 1.0 0.0 0 
0.0 0.0 0.0 0.2688745860188094 0.028262000246008123 0.22263971896823595 0.0 0.0 0 
0.10763888888888887 0.3859362859362859 0.42152474540715745 0.24333824013813543 0.10415245993617105 0.31517033608650846 0.0 0.0 0 
0.328656462585034 0.573062558356676 0.6455834917694008 0.2525727240680927 0.06297861527685522 0.12402587902602749 0.0 0.0 1 
0.056818181818181816 0.21428571428571427 0.25201814123294897 0.22947557147494702 0.005499237524099185 0.1711210616751963 0.0 0.0 1 
0.12523448773448773 0.3900344100344101 0.4683091254471825 0.643750664726791 0.3489428255143205 0.4119407932030749 1.0 0.0 0 
0.23541666666666664 0.612767094017094 0.6448762462257702 0.43120518445961875 0.08415009900003104 0.002057355132289709 1.0 0.0 1 
0.25425170068027214 0.3928571428571428 0.37969989508902935 0.8954177571816261 0.5005575081692624 0.5310270052723226 1.0 0.0 0 
0.157312925170068 0.42253101240496194 0.4197147015917369 0.4267722907786392 0.18417982915659373 0.35854836273632534 1.0 0.0 1 
0.3549242424242424 0.48421245421245424 0.43452652211767884 0.49254434661643887 0.5154022948791674 0.60582827660581 1.0 0.0 0 
0.1766666666666667 0.5555555555555556 0.6769807470929965 0.4041461694559383 0.09723497118890777 0.05148992696724223 1.0 0.0 0 
0.2753968253968254 0.5002289377289377 0.5656254226797859 0.38881814039751084 0.06703121092836087 0.2970616381507665 1.0 0.0 1 
0.12873015873015875 0.49742063492063493 0.669726780972453 0.4053280869777678 0.15734836363331203 0.16401624916485447 0.0 0.0 0 
0.45 0.5682051282051281 0.590078654533819 0.6382992930646809 0.37346854936220736 0.6356221508327211 1.0 0.0 0 
0.2758333333333334 0.4993162393162393 0.5474754278323981 0.7236873928807505 0.5320908833935284 0.7162289564982863 1.0 0.0 1 
0.3125 0.5022222222222222 0.42642435990174976 0.31267136452864 0.0 0.21406847307956417 0.0 0.0 0 
0.46805555555555556 0.7222222222222222 0.7441237010311605 0.5170966092553875 0.3073623288697471 0.505994821333053 0.0 0.0 1 
0.0 0.0 0.0 0.31118239276466353 0.024391143232377406 0.20141104188644351 0.0 0.0 0 
0.3842857142857143 0.5571428571428572 0.6026480513893279 0.5746187489530076 0.461080874341191 0.5985998965181236 0.0 0.0 0 
0.32708333333333334 0.5556379653310599 0.5793907433590679 0.5350299989859917 0.17233033009290094 0.5161440605597053 0.0 0.0 1 
0.3552342644233778 0.6302428583101851 0.6861352010277286 0.6077873803799618 0.22709141643122766 0.3592629913883755 0.0 0.0 0 
0.1645162442091342 0.49961807931699104 0.5831371790056463 0.47003871261220975 0.16293332366060057 0.5326265977393303 1.0 0.0 0 
0.5448360773262523 0.5629153316642057 0.559679792874756 0.39657784562101384 0.1885480788424599 0.36112963281470606 1.0 0.0 1 
0.1326388888888889 0.34838217338217337 0.4025652430077045 0.4028907313325837 0.13344506612724333 0.40312788393161253 0.0 0.0 0 
0.10416666666666666 0.33939393939393936 0.4258910029491384 0.3546931893915889 0.06598014879094946 0.15287696084869418 0.0 0.0 0 
0.4833333333333333 0.6395604395604395 0.7 0.925738928023276 0.6523827923923802 0.700603341437359 0.0 0.0 1 
0.06666666666666667 0.12000000000000001 0.06321630939469577 0.3735046360847014 0.13745022442297175 0.34010118654080906 0.0 0.0 0 
0.09682539682539681 0.28214285714285714 0.27845279062987577 0.349899662351282 0.11339550925529267 0.2255991127560639 0.0 0.0 0 
0.14530676056791947 0.5352624369078725 0.6437835978825792 0.5592843003184633 0.20610785729357864 0.35282388226122197 0.0 0.0 0 
0.12332350434262279 0.44244637724673685 0.546313896401738 0.29503808468096526 0.0731297769923871 0.2614799107398555 1.0 0.0 0 
0.14375 0.49533146591970123 0.625 0.267875032270925 0.09842961203471427 0.04214980644390375 0.0 0.0 0 
1.0 1.0 1.0 1.0 1.0 1.0 0.0 0.0 1 
0.4071969696969697 0.5674019607843137 0.5942097554570371 0.4307803665481985 0.1965999790129472 0.649440305851147 0.0 0.0 1 
0.36527777777777776 0.6238095238095238 0.7039130612666243 0.2822042689333867 0.18395925221580556 0.3379877558439857 0.0 0.0 1 
0.3401923076923077 0.547183317771553 0.6100588486047 0.18429232597521916 0.15527293574343343 0.5457638346112876 1.0 0.0 0 
0.39575757575757575 0.5319444444444444 0.5721991309828615 0.9127396350093886 0.8705348385057158 0.8076692644165767 0.0 0.0 0 
0.046875 0.22058823529411764 0.25993019270997947 0.32997779109717773 0.14464269753378217 0.2890709353322066 0.0 0.0 0 
0.08758503401360544 0.2516109474092667 0.22710745976195884 0.43071600210968464 0.17327908289638738 0.37387533735549516 0.0 0.0 0 
0.19472789115646258 0.5870748299319728 0.6722086986962721 0.4659087540418192 0.13135882477967276 0.11012533087944733 1.0 0.0 0 
0.0 0.0 0.0 0.32936313958637575 0.12175327844124555 0.016607620197156236 0.0 0.0 1 
0.0 0.0 0.0 0.0 0.0 0.0 0.0 0.0 1 
0.0 0.0 0.0 0.3956921725335385 0.2451188498808674 0.3941818094310762 0.0 0.0 0 
0.10942760942760943 0.4206349206349206 0.4852255954556104 0.06831953330187313 0.06384177323406766 0.030757269756524545 0.0 0.0 0 
0.0 0.0 0.0 0.0 0.0 0.0 0.0 0.0 0 
0.0 0.0 0.0 0.0 0.0 0.0 1.0 0.0 1 
0.0 0.0 0.0 0.0 0.0 0.0 1.0 0.0 1 
0.17777777777777778 0.5833333333333333 0.7285220711283701 0.0 0.012736886795359198 0.11897010658943315 0.0 0.0 0 
0.0 0.0 0.0 0.09081983420830786 0.0 0.0 0.0 0.0 0 
0.0 0.0 0.0 0.0 0.0 0.25341131192420696 0.0 0.0 1 
0.0 0.0 0.0 0.06748102561169278 0.06967091481898738 0.1232961409048755 1.0 0.0 0 
0.0 0.0 0.0 0.120549973745955 0.04538454153683823 0.16465855754735068 0.0 0.0 0 
0.0 0.0 0.0 0.41192091067096914 0.015203334676850533 0.13742078609568129 0.0 0.0 1 
0.11680039495090724 0.3663134456046989 0.4178289101958915 0.6431882135962015 0.19241833312171838 0.37250366547692126 0.0 0.0 1 
0.15306122448979592 0.24642857142857144 0.11372170335543995 0.3894584962808132 0.061928711444953655 0.010567863688387417 0.0 0.0 1 
0.42016287284144427 0.6495326415439198 0.7079297576411403 0.7060369352174297 0.27278385874459526 0.5332824077778845 1.0 0.0 0 
0.0 0.0 0.0 0.0 0.0 0.0 1.0 0.0 1 
0.11375811688311688 0.41023415546441866 0.5328731040602849 0.7265772866425904 0.39231656128457326 0.6275860055977365 0.0 0.0 0 
0.29139620266653177 0.5973854334927793 0.6815605218904621 0.6805183076731347 0.32284556564633005 0.606605685419708 1.0 0.0 0 
0.0 0.0 0.0 0.0 0.0 0.0 1.0 0.0 0 
0.40152467301045436 0.6293982731667731 0.7281246506835068 0.3390866988100908 0.16202724490758305 0.3036422553138977 1.0 0.0 1 
0.27905298295182535 0.6384102412104191 0.6652170730908169 0.6143989583813411 0.1390621220792798 0.21396611908280064 1.0 0.0 1 
0.0 0.0 0.0 0.0 0.0 0.0 0.0 0.0 0 
0.0 0.0 0.0 0.0 0.0 0.0 0.0 0.0 1 
0.10345949781772049 0.3808248377671067 0.5079766348602949 0.2684277870931264 0.10953427153623203 0.029212134769954993 1.0 0.0 0 
0.0 0.0 0.0 0.32817453169700506 0.11975561480996505 0.22332000996770277 1.0 0.0 1 
0.2013888888888889 0.583919817927171 0.7059369899597991 0.3150191260809808 0.08830004445374456 0.025551294769453427 0.0 0.0 0 
0.09642857142857142 0.4119909502262443 0.5169601575003391 0.43998318309444584 0.18971596959547188 0.24415359853143306 0.0 0.0 0 
0.2854199159327266 0.5467850713646044 0.5892672915476332 0.4942597680725376 0.48525714805128084 0.5780631059664935 0.0 0.0 1 
0.0 0.0 0.0 0.46037876785363363 0.16266394023400252 0.36531432987058693 0.0 0.0 0 
0.0 0.0 0.0 0.4742695188838806 0.1388345239945648 0.3989756322627429 0.0 0.0 0 
0.12554563492063492 0.4832516339869281 0.6209845182268259 0.22180018874327434 0.027594463902724117 0.2786949843047516 0.0 0.0 0 
0.36800772142277854 0.6457356830182912 0.7099018354817809 0.39548617981460565 0.2798189461139704 0.639856692189298 0.0 0.0 0 
0.4074074074074074 0.5687830687830688 0.6155245300933242 0.5018918841260376 0.47515227322773596 0.7410040140843704 0.0 0.0 1 
0.5485281210886458 0.7333723160835899 0.790252584367463 0.8504077581801682 0.6763300670673963 0.8720070769862037 1.0 0.0 0 
0.38613212758606696 0.6778142327396555 0.7437470603107239 0.7064514908519797 0.44288448608281655 0.6592331407110631 1.0 0.0 0 
0.1337268843056248 0.2665110036054535 0.2424383136920315 0.41354459583023284 0.11648068382845359 0.14861281783176236 1.0 0.0 1 
0.08395328180308609 0.14708060051210733 0.07300947984809825 0.40890656016736204 0.22717584825865883 0.2433808351201289 1.0 0.0 0 
0.08333333333333333 0.14814814814814814 0.0 0.07235096483742509 0.004515428725607067 0.13694989163175966 0.0 0.0 0 
0.41414141414141414 0.5416666666666666 0.48626382194936124 0.260058233301966 0.6174562637254356 0.7375479988179405 1.0 0.0 0 
0.0858058608058608 0.2992238562091503 0.3679433665621612 0.1571286443464257 0.0746540812464641 0.23277227086269658 0.0 0.0 0 
0.3008116883116883 0.48392857142857143 0.5051184640354436 0.5927414931155374 0.5632567937267903 0.6677875910707416 0.0 0.0 1 
0.3062962962962963 0.46187363834422657 0.498506277740559 0.1851657162306739 0.047409350077571 0.1759974726556813 0.0 0.0 0 
0.10909090909090909 0.4375 0.5458480611764632 0.48162020720023335 0.1184220187770382 0.1790375755162563 1.0 0.0 1 
0.5683501683501684 0.6152777777777778 0.6114428509817895 0.6575804652442754 0.6729257393721642 0.7783493570961451 1.0 0.0 1 
0.090625 0.4061085972850679 0.4633622449520768 0.32429916282406523 0.11031275868588238 0.12260967146186472 0.0 0.0 0 
0.5416666666666666 0.775 0.875 0.40390227803730183 0.19080232305725406 0.1276547295260557 0.0 0.0 0 
0.0 0.0 0.0 0.3845515672459612 0.1723446617707332 0.31917945222832284 0.0 0.0 1 
0.1875 0.30000000000000004 0.13674116759546595 0.4174492622138779 0.18359258510394164 0.10788304747605142 0.0 0.0 0 
0.058333333333333334 0.10606060606060606 0.0 0.2591065764505358 0.030700361313827425 0.23902191697700134 0.0 0.0 0 
0.375 0.48076923076923084 0.42328679513998635 0.5173922536996342 0.1639647893792587 0.4715455078952529 0.0 0.0 0 
0.32909897868645266 0.5433145648463805 0.550781505262907 0.36295587032983945 0.19810721090831754 0.48106876568546497 0.0 0.0 1 
0.0 0.0 0.0 0.519476864592202 0.05179549772019696 0.3808008623782215 0.0 0.0 0 
0.0 0.0 0.0 0.351978473820441 0.09528033871717716 0.32876634085371914 0.0 0.0 0 
0.2623077889578929 0.5604809987749957 0.6692677762908239 0.3147732053075145 0.20708015157357926 0.4289553870477232 1.0 0.0 0 
0.12523561558315718 0.3035621301173069 0.3203369582449608 0.4422776259830221 0.19943720205641788 0.6277712739786387 1.0 0.0 1 
0.06421479795548145 0.163237661392377 0.09194424878092136 0.5584654625887918 0.2868448056414754 0.5888877637599922 1.0 0.0 1 
0.18697916666666667 0.478125 0.5778344315757661 0.31001230988306827 0.10685279952824334 0.38445014633910113 0.0 0.0 0 
0.11770833333333333 0.3294117647058823 0.3765887119943134 0.3746626043016099 0.08788820158155365 0.0 1.0 0.0 0 
0.26696428571428577 0.48744517543859645 0.5778814271612343 0.651088668110901 0.47844551282664827 0.6608830593399228 1.0 0.0 1 
0.11944444444444444 0.303921568627451 0.2952970555008207 0.20434173836210778 0.0 0.0 0.0 0.0 0 
0.09722222222222221 0.3020833333333333 0.3504171203223836 0.4335664764936902 0.05470345886108964 0.0028337173967249436 0.0 0.0 1 
0.32499999999999996 0.4666666666666666 0.4727901945992444 0.44682848938568354 0.17082316897582586 0.00018473791969172052 0.0 0.0 1 
0.09888888888888889 0.3819457735247209 0.44141307308332867 0.4311697805408641 0.21192552397406866 0.5756924247140215 0.0 0.0 0 
0.08976190476190476 0.2358974358974359 0.17525940309244423 0.4289685105363735 0.06531448158183052 0.10342259628579156 1.0 0.0 0 
0.13428571428571429 0.3078282828282828 0.3063164162406148 0.42194765623780883 0.05925038581642869 0.10446553670687497 0.0 0.0 0 
0.17874149659863942 0.5067460317460317 0.5854922812120021 0.7375831448308235 0.308575854037141 0.3222675772296283 1.0 0.0 0 
0.41669758812615953 0.683531746031746 0.7795492821552927 0.8414884975723503 0.4579223042046224 0.5697779672826554 0.0 0.0 0 
0.06944444444444445 0.29411764705882354 0.4086788554215526 0.41576605234138864 0.17219467003719005 0.13459972581671742 1.0 0.0 0 
0.3124195534192783 0.3765348625688708 0.39079772719729394 0.6848157025364767 0.2661001039351431 0.44471468058788177 1.0 0.0 1 
0.26475000100695656 0.6510920075292306 0.6645287795485378 0.39547359884069566 0.2817818120318634 0.45695500076563617 1.0 0.0 0 
0.1875 0.43452380952380953 0.3851112602367873 0.6436402191813528 0.26855941593328947 0.3975534189247153 1.0 0.0 1 
0.0 0.0 0.0 0.5591742453395889 0.23516554226374653 0.12513061645539753 1.0 0.0 1 
0.0 0.0 0.0 0.33121305419198654 0.07972904832828402 0.07377539518634191 0.0 0.0 0 
0.05303030303030303 0.2058823529411765 0.16781454226353887 0.07907843743551024 0.07159150826729552 0.1627252397817519 1.0 0.0 1 
0.8125 0.95 1.0 0.47634856875479326 0.46992780017359775 0.7375789038828421 0.0 0.0 0 
0.08288770053475936 0.4027777777777778 0.46266735402670245 0.0 0.0 0.0 0.0 0.0 0 
0.08333333333333333 0.26666666666666666 0.15415067982725836 0.0 0.0 0.0 0.0 0.0 0 
0.1349206349206349 0.4294871794871795 0.37601934919406854 0.0 0.0 0.0 0.0 0.0 0 
0.18125 0.5326704545454546 0.6760165290694053 0.29199937470093573 0.0868031871923924 0.3943119289398884 0.0 0.0 1 
0.060227272727272727 0.18681318681318682 0.14234561250089417 0.18972276434872004 0.13330053851090598 0.2625747163745588 0.0 0.0 0 
0.1488095238095238 0.5749512670565302 0.7261124906564554 0.10915396304171465 0.062382424819436635 0.2868359162074165 0.0 0.0 1 
0.12064393939393939 0.24642857142857147 0.12513973838111797 0.4507556980035128 0.1035086489912166 0.04854842898054742 1.0 0.0 0 
0.09027777777777778 0.29523809523809524 0.3411893530913525 0.5126991558356339 0.10104519787323273 0.3087612996950587 0.0 0.0 0 
0.20221560846560843 0.47910353535353534 0.5272739887750647 0.543841144288776 0.11125564665809552 0.5265372792599243 0.0 0.0 0 
0.11789021164021164 0.3998366013071895 0.4130811833076856 0.4787032863069436 0.24371866642918683 0.5381599917991071 1.0 0.0 0 
0.0 0.0 0.0 0.3506393908012062 0.14943560633525954 0.16431738520226455 0.0 0.0 1 
0.07242063492063493 0.28157894736842104 0.35111249065645544 0.14047569538433435 0.057267033825177165 0.13805249773531686 0.0 0.0 1 
0.4035714285714286 0.6367171717171718 0.6755560255827577 0.394632940489301 0.17275381142952526 0.22560444481567773 0.0 0.0 1 
0.42777777777777776 0.6623376623376624 0.7625606908172602 0.16215890270319955 0.0037024597136338334 0.0643985517656551 0.0 0.0 1 
0.0325 0.07818181818181819 0.048433147494011966 0.33504970441189585 0.11972050342758142 0.07111653909605035 1.0 0.0 0 
0.07 0.2325174825174825 0.266295183960622 0.3345104835910575 0.11438744268279233 0.13466822724128316 1.0 0.0 0 
0.375 0.375 0.375 0.0 0.0 0.0 1.0 0.0 1 
0.3442857142857143 0.5002136752136751 0.5317102915695543 0.5288871083122186 0.19641018942660662 0.03599712986893918 0.0 0.0 0 
0.36345238095238097 0.6025356506238859 0.661024904680783 0.17008288467845611 0.0 0.11109168217540878 0.0 0.0 0 
0.0 0.0 0.0 0.0 0.0 0.0 1.0 0.0 0 
0.30654761904761907 0.5342023172905526 0.5763356753607489 0.4079306377616492 0.2520938894707406 0.4054672902337978 1.0 0.0 1 
0.0 0.0 0.0 0.0 0.0 0.0 1.0 0.0 0 
0.3214285714285714 0.3214285714285714 0.3214285714285714 0.0 0.0 0.0 1.0 0.0 1 
0.2823598675347453 0.2823598675347453 0.2823598675347453 0.0 0.0 0.0 1.0 0.0 1 
0.13465419501133785 0.30133786848072563 0.29608667105350517 0.27257689305683175 0.08848316792253576 0.03565857834260823 0.0 0.0 0 
0.3849013105565935 0.630018850196465 0.7047195503628347 0.7696410602682424 0.36751812440065146 0.5093796338836325 1.0 0.0 0 
0.2636211710378283 0.4350533325351398 0.44971552250557756 0.8354498780932833 0.48645690090874216 0.48106624637651124 1.0 0.0 0 
0.3333333333333333 0.3707936507936508 0.24605115677032843 0.6327135954908158 0.4385287218874875 0.36328915984603727 1.0 0.0 0 
0.0 0.0 0.0 0.23221403941490748 0.12274821539249968 0.5346424552200308 1.0 0.0 1 
0.0786868686868687 0.19894179894179895 0.21273065008505362 0.6550790672743789 0.33331659621946474 0.37799307331546494 1.0 0.0 1 
0.0 0.0 0.0 0.4829756779266927 0.1606517319252165 0.4547049046929618 1.0 0.0 0 
0.0 0.0 0.0 0.31675400317420555 0.04598250101528486 0.14930641989259114 0.0 0.0 0 
0.5833333333333334 0.5833333333333334 0.5833333333333334 0.37270963235777144 0.15373267726184797 0.6026589852469169 0.0 0.0 1 
0.09027777777777776 0.2749570003439973 0.2678684562099017 0.4912304100849668 0.20006714674826806 0.2683935921350418 1.0 0.0 0 
0.19044564921464852 0.5054990046397114 0.5877070086789618 0.4383897416763525 0.4630565278218494 0.37976171257251473 1.0 0.0 0 
0.37886321878345813 0.5852423474310331 0.6599712824258023 0.6035665427831147 0.252515196646992 0.33044388641740446 1.0 0.0 0 
0.2247212920839714 0.37768861770807693 0.3741538136855954 0.22096804947780213 0.4805206012993354 0.4254159554017073 1.0 0.0 1 
0.10416666666666667 0.39565826330532217 0.5321911967599908 0.20500441635805533 0.0879399832604375 0.004402905135328544 0.0 0.0 0 
0.28410218253968256 0.4511335784313726 0.5206800765236054 0.74586909465052 0.3095850038322985 0.3734916714579822 0.0 0.0 1 
0.21510416666666665 0.6364670868347339 0.7793752268278584 0.3440836666285386 0.1408368458806954 0.3254241230097484 0.0 0.0 0 
0.1046401515151515 0.27790032679738563 0.28312989289865365 0.19429949493420207 0.21606528523214766 0.023807662031429106 0.0 0.0 0 
0.10416666666666666 0.234375 0.30650914156616443 0.5624170889775596 0.21706030846424737 0.23077795533106438 0.0 0.0 1 
0.07858516483516484 0.2135294117647059 0.17206558213971868 0.13772835961335883 0.19156344169014794 0.0988941571323112 0.0 0.0 0 
0.42857142857142855 0.46875 0.425074272234196 0.118757313086582 0.08358578483083294 0.045813115757158566 0.0 0.0 1 
0.19999999999999998 0.45 0.5884975518070357 0.4121721710270243 0.14163884046355 0.23301357057140007 1.0 0.0 0 
0.75 0.75 0.75 0.8305351136136138 0.7303777019593815 0.7987833189440355 0.0 0.0 0 
0.0 0.0 0.0 0.10919430732891167 0.027231114526910353 0.3120894971124022 0.0 0.0 0 
0.0 0.0 0.0 0.34873544567635484 0.04663146923505597 0.05968870189041025 0.0 0.0 1 
0.0 0.0 0.0 0.03426255689812763 0.0 0.09344099479539181 0.0 0.0 0 
0.0 0.0 0.0 0.3856143478176115 0.1713546648472297 0.160478553831932 0.0 0.0 0 
0.0 0.0 0.0 0.22601008935891642 0.024793477023893937 0.19263874619742805 0.0 0.0 1 
0.0 0.0 0.0 0.26509053937814375 0.04663642908590218 0.28836813375903847 0.0 0.0 1 
0.10848214285714286 0.3959983031674208 0.47012347632016266 0.3164956438698614 0.11203821836831547 0.2772349266160044 0.0 0.0 1 
0.07500000000000001 0.125 0.06837058379773298 0.08593066811130412 0.023658390462661386 1.979202050211006e-05 1.0 0.0 0 
0.1875 0.30000000000000004 0.25993019270997947 0.17731013984426336 0.021635042780499422 0.05039281506416856 0.0 0.0 0 
0.0 0.0 0.0 0.0 0.0 0.0 0.0 0.0 1 
0.16666666666666666 0.3333333333333333 0.34657359027997264 0.12208468125929084 0.0 0.08712404045203942 1.0 0.0 0 
0.5347222222222222 0.611904761904762 0.5298245738831827 0.6734274171168181 0.5521561051565712 0.6311334254985742 1.0 0.0 1 
0.0 0.0 0.0 0.0 0.0 0.0 1.0 0.0 0 
0.0625 0.2647058823529412 0.3678109698793973 0.20696952073734987 0.0820213466138464 0.19897843042166313 1.0 0.0 1 
0.0 0.0 0.0 0.0 0.0 0.0 0.0 0.0 0 
0.1375 0.32738095238095233 0.3286450899768184 0.5427258954298565 0.10874578470985434 0.27113221530683196 1.0 0.0 0 
0.1284722222222222 0.39128787878787885 0.3663962917611192 0.7071743051097739 0.16018214823954005 0.23308022968753464 1.0 0.0 1 
0.15535714285714286 0.5112920168067228 0.6406011644786417 0.4322680088075548 0.10534627931771685 0.09827698739478236 1.0 0.0 0 
0.18541666666666667 0.4666666666666666 0.5144761482313389 0.5121158440066931 0.059246910261806035 0.05125707743872198 1.0 0.0 1 
0.22083333333333333 0.4914772727272727 0.6130182831323289 0.36523749565158736 0.13838703383251771 0.0 1.0 0.0 1 
0.0 0.0 0.0 0.3034357604934499 0.0077756689514281215 0.0 0.0 0.0 0 
0.0 0.0 0.0 0.5243980763665375 0.06579776946494603 0.023908764696976982 0.0 0.0 0 
0.14732142857142858 0.37058823529411766 0.32830077650771244 0.2213323293903684 0.0 0.12541900494838643 0.0 0.0 0 
0.14583333333333334 0.24404761904761904 0.13064239707428693 0.6273349573601293 0.32930951359210575 0.2749453325864879 0.0 0.0 1 
0.15000000000000002 0.25 0.13674116759546595 0.15695097824216298 0.03946027333198292 0.0 0.0 0.0 0 
0.15000000000000002 0.25 0.13674116759546595 0.23863718133772482 0.1282899738810679 0.07122545593520602 0.0 0.0 0 
0.0 0.0 0.0 0.0 0.0 0.0 0.0 0.0 0 
0.0 0.0 0.0 0.0 0.0 0.0 0.0 0.0 0 
0.09074074074074073 0.35238095238095235 0.3506338742895616 0.0 0.0 0.0 0.0 0.0 0 
0.09666666666666666 0.34945054945054943 0.33409599920862554 0.0 0.0 0.0 0.0 0.0 1 
0.4375 0.6285714285714286 0.5678189413871044 0.5636318155850735 0.544876745991899 0.7053652339889257 0.0 0.0 1 
0.4791666666666667 0.6722222222222222 0.7217604297527047 0.35761676240880214 0.5692672365374024 0.6941182852885092 0.0 0.0 1 
0.8333333333333333 0.8333333333333333 0.8333333333333333 0.7431113234127714 0.7786149011837147 0.8304011839806643 0.0 0.0 0 
0.2783333333333333 0.753781512605042 0.9 0.21138043401914342 0.05491245640562518 0.15238063499990653 0.0 0.0 0 
0.18041666666666667 0.6252273461832285 0.8185773824114297 0.3153713103851361 0.1323030981582653 0.5462501024851101 0.0 0.0 0 
0.3767857142857143 0.6440148087206912 0.7548428790187773 0.45825874024670865 0.15036641013328036 0.21820683997740953 0.0 0.0 1 
0.3854166666666667 0.664305594646152 0.7476036566264658 0.21705018066864956 0.05877072859258257 0.24710258204880065 0.0 0.0 0 
0.4763888888888889 0.530128205128205 0.5161055161585837 0.24413210848978717 0.262617498853581 0.6117017462952757 0.0 0.0 1 
0.3211805555555556 0.3928372352285395 0.3854548659666534 0.3965846561456513 0.07551027944749648 0.20565752288158573 0.0 0.0 0 
0.0 0.0 0.0 0.1375293968350232 0.0 0.0 0.0 0.0 1 
0.2972222222222223 0.36444444444444446 0.33745223192359103 0.8402648097324963 0.8282938512700023 0.6370326273696316 0.0 0.0 0 
0.049206349206349205 0.24666666666666665 0.34651743628844384 0.43975366454760834 0.13829781016302684 0.28963832553315033 1.0 0.0 0 
0.0 0.0 0.0 0.3109627756490272 0.0673442483826707 0.1350842769336318 0.0 0.0 0 
0.027777777777777776 0.08888888888888889 0.05417297649925831 0.1994428710945526 0.026935373551526857 0.0 0.0 0.0 1 
0.0 0.0 0.0 0.0 0.0 0.0 0.0 0.0 0 
0.0 0.0 0.0 0.0 0.0 0.0 0.0 0.0 0 
0.12026515151515152 0.3812704248366013 0.41832931168709897 0.16035179617001005 0.025764959643425987 0.0 1.0 0.0 1 
0.4149305555555555 0.5729762440288756 0.5819347034669791 0.44143657283086757 0.42204435739613405 0.29230055850546127 0.0 0.0 0 
0.2935185185185185 0.5004582501150007 0.529124185424789 0.5442196074093688 0.15584414470442184 0.08705750729320486 1.0 0.0 0 
0.5726190476190476 0.59375 0.5700206692919327 0.42570304616443966 0.29530823758076263 0.3689889311611022 1.0 0.0 1 
0.6125 0.6222222222222222 0.6105360515657826 0.29802403922951437 0.042865702021735286 0.020613209357528643 0.0 0.0 0 
0.6125 0.6222222222222222 0.6105360515657826 0.29802403922951437 0.042865702021735286 0.020613209357528643 0.0 0.0 1 
0.7 0.7 0.7 0.4731269544737736 0.3625059571372282 0.5108125767508659 0.0 0.0 1 
0.0 0.0 0.0 0.5423046635422584 0.12490778434011802 0.2908809561597121 0.0 0.0 0 
0.0 0.0 0.0 0.1797734222769405 0.0034298926860538903 0.0 0.0 0.0 0 
0.0 0.0 0.0 0.06417226403890686 0.0 0.0 0.0 0.0 0 
0.09375 0.16666666666666666 0.07902038674336971 0.2136250172062879 0.0 0.11661688717916374 1.0 0.0 0 
0.35 0.35 0.35 0.5579984400904221 0.414810073925284 0.6264367826555378 0.0 0.0 0 
0.11666666666666667 0.2916666666666667 0.35 0.07848987360520954 0.0038420049151859786 0.0 1.0 0.0 0 
0.17972222222222223 0.5259781884781884 0.5932907694489584 0.3660304420203613 0.03573250707697063 0.09799561042006137 1.0 0.0 1 
0.41666666666666663 0.41666666666666663 0.41666666666666663 0.2734768765850859 0.1605456218821444 0.13075634828927013 1.0 0.0 1 
0.08333333333333333 0.125 0.07192051811294523 0.5704477181034661 0.23447838191744158 0.3219939021933045 0.0 0.0 0 
0.1527777777777778 0.470940170940171 0.6006366137315203 0.006963706801316416 0.04396387671390864 0.05909352361114542 1.0 0.0 0 
0.25910768762482755 0.5850396184493667 0.5829612261367784 0.4182728147023007 0.19453348514628274 0.0 1.0 0.0 1 
0.0 0.0 0.0 0.0 0.0 0.0 0.0 0.0 0 
0.0 0.0 0.0 0.0 0.0 0.0 0.0 0.0 0 
0.166315504039584 0.429917950474023 0.4525662194021109 0.2636018448162696 0.11667967828323726 0.0 0.0 0.0 0 
0.0 0.0 0.0 0.0 0.0 0.0 1.0 0.0 0 
0.0 0.0 0.0 0.0 0.0 0.0 0.0 0.0 0 
0.13945414050687482 0.22371961519076897 0.09926939808722954 0.4475826298458696 0.13086668698524664 0.21723664488713154 1.0 0.0 1 
0.1108947296357657 0.3011776712339326 0.30535728585812716 0.6612803645115025 0.3099178591218099 0.12984628232070933 1.0 0.0 1 
0.3465233236660044 0.604402069590586 0.6678008818085716 0.6665971254024695 0.2786346370559105 0.391757140408165 1.0 0.0 1 
0.0 0.0 0.0 0.48407123160925436 0.11712331985264283 0.2183461585027568 1.0 0.0 1 
0.0 0.0 0.0 0.44426103206636747 0.16585269272943107 0.11579594149037954 0.0 0.0 0 
0.21187753758758537 0.4263059891731521 0.39226320131647957 0.5429781213772181 0.17901759259307873 0.15857729187625058 1.0 0.0 0 
0.07291666666666666 0.16666666666666666 0.11826065653154796 0.332372811929569 0.15667006554138385 0.13914935468435066 1.0 0.0 1 
0.0 0.0 0.0 0.49682367420755713 0.16418434479728725 0.20813173573610272 0.0 0.0 0 
0.66771145494646 0.8199932963968874 0.8735163642092285 0.7103828947881078 0.6378015126348551 0.4708034372963813 0.0 0.0 1 
0.0 0.0 0.0 0.19570161120153773 0.05838554278830316 0.20969806970534383 0.0 0.0 0 
0.07976190476190476 0.28214285714285714 0.3468957607015466 0.25974427426804003 0.056086817411709046 0.19128532897996472 0.0 0.0 0 
0.25 0.25 0.25 0.6580970496434341 0.7256488492200031 0.5567515477846848 1.0 0.0 0 
0.07291666666666666 0.16666666666666666 0.11826065653154796 0.3910844880176122 0.19681118399991118 0.22992856817294954 1.0 0.0 0 
0.025641025641025644 0.08333333333333333 0.06921312159274816 0.6891875010103654 0.3628332560031637 0.34512947622720064 1.0 0.0 0 
0.44047619047619047 0.5083333333333333 0.416362417702072 0.6900155745159573 0.4701452339390115 0.24936248034637784 1.0 0.0 1 
0.041907051282051286 0.17381535947712418 0.17054811242564477 0.5308005593764837 0.15528499747778776 0.12291316501480397 1.0 0.0 0 
0.0 0.0 0.0 0.38762853080554605 0.11594023747956661 0.16071406599391716 1.0 0.0 1 
0.30833333333333335 0.41964285714285715 0.45189313204020687 0.5092302967833408 0.22173115796050893 0.472737324699341 1.0 0.0 1 
0.15000000000000002 0.2525252525252525 0.13604960069424138 0.3788834814879857 0.11890106121876495 0.16280005597809766 0.0 0.0 0 
0.20845959595959596 0.498516393736982 0.5228538625119362 0.3383857389782159 0.19394516148837715 0.07923300642088492 0.0 0.0 0 
0.29416781135531134 0.38055555555555554 0.2841047564703666 0.4271553247449482 0.14385117936581077 0.0 1.0 0.0 0 
0.2319368131868132 0.29973728621883533 0.2432055165250525 0.579424294338153 0.22481003607112612 0.046864301656818666 0.0 0.0 0 
0.3575113378684807 0.6626533189033189 0.7225809165603552 0.4947925965278511 0.2078169116669431 0.2943663679457581 1.0 0.0 0 
0.225428440607012 0.5369140284318856 0.6254885346512422 0.8052621095022416 0.4360754613991703 0.19481406224680645 1.0 0.0 1 
0.0 0.0 0.0 0.5168811580410184 0.1938190254852366 0.1351844705527823 1.0 0.0 1 
0.18675213675213675 0.45391101953601953 0.4649530160597844 0.5704684134785456 0.22476945206079713 0.24767286767374508 0.0 0.0 0 
0.3247120292034592 0.7053626717534252 0.7418986784610511 0.36330545033099804 0.022332984469638915 0.3558393989459497 0.0 0.0 1 
0.11790293040293041 0.4167663219133808 0.5164246911751897 0.29039856895804084 0.18452071834362072 0.1885538706420926 1.0 0.0 0 
0.575 0.5833333333333334 0.5738950972996222 0.9499162831174408 0.6670068806789061 0.4401630529376969 1.0 0.0 1 
0.0 0.0 0.0 0.26605399478661984 0.16476686858615813 0.09963597176192052 0.0 0.0 0 
0.0 0.0 0.0 0.42787290001486356 0.19994285081162347 0.0685788892319816 1.0 0.0 0 
0.0 0.0 0.0 0.32274038522566517 0.0012149789514654514 0.06929177373965371 0.0 0.0 0 
0.0 0.0 0.0 0.0 0.0 0.0 1.0 0.0 0 
0.32628139620781604 0.384185807972522 0.3972997937778092 0.3463084990513322 0.3267244790128992 0.418752421549589 1.0 0.0 1 
0.0 0.0 0.0 0.0 0.0 0.0 0.0 0.0 0 
0.08333333333333333 0.26666666666666666 0.24979563296094046 0.39846666251813145 0.05477441983824801 0.37731621244888164 1.0 0.0 1 
0.0625 0.11538461538461539 0.05558097911529139 0.01933064605695778 0.0 0.0 1.0 0.0 1 
0.04242424242424243 0.1479779411764706 0.1301007153051819 0.02895421030390799 0.012823819317642983 0.0 0.0 0.0 0 
0.026923076923076925 0.175 0.21458656551024313 0.09863637903439526 0.003885654401246264 0.0 0.0 0.0 1 
0.12378205128205128 0.30905219780219784 0.32231960945270527 0.45361763476490924 0.24003624392371742 0.3489564815896168 0.0 0.0 0 
0.09355769230769231 0.2958333333333333 0.3121387777048251 0.24294877793391145 0.07489057141572708 0.0 1.0 0.0 0 
0.17964285714285713 0.4001315789473684 0.44074181570154974 0.14304592632391655 0.09910591790296105 0.05722384086794306 0.0 0.0 1 
0.234375 0.4868421052631579 0.4119796082505411 0.18992981853735458 0.07277768965538027 0.0 0.0 0.0 1 
0.06 0.26580882352941176 0.3363378635391373 0.19171241163691277 0.0 0.13209734631281794 0.0 0.0 0 
0.16388888888888886 0.40166666666666667 0.4859602590564726 0.35005022340946335 0.08795822717797688 0.14304880507879475 0.0 0.0 1 
0.125 0.4117647058823529 0.5 0.13856856080792945 0.027284650534583663 0.0 0.0 0.0 0 
0.12297077922077923 0.4146616541353384 0.5084800787501695 0.3951806536818775 0.24280992026752263 0.023868352449276507 0.0 0.0 0 
0.0 0.0 0.0 0.48602222106353365 0.17589663973084912 0.14163710611228839 0.0 0.0 0 
0.2857142857142857 0.38095238095238093 0.0 0.46188063722796213 0.09498415037276443 0.15420885890637198 0.0 0.0 1 
0.0 0.0 0.0 0.2364468345140982 0.05334773085565444 0.2525235594398796 1.0 0.0 0 
0.0 0.0 0.0 0.10589186961707786 0.012845358963967279 0.0 0.0 0.0 0 
0.06979166666666667 0.24522144522144523 0.23364501647313837 0.6245881199529983 0.15820929803845366 0.1816442857540014 0.0 0.0 0 
0.7625 0.7894736842105263 0.7814143035351133 0.9181592068619366 0.7959498505992778 0.7385159782183154 0.0 0.0 1 
0.08333333333333333 0.25 0.23463171833025923 0.2209326948848731 0.16264368383527059 0.20132646707866536 0.0 0.0 0 
0.0 0.0 0.0 0.3703078631391389 0.19395923287482306 0.543863568575731 0.0 0.0 0 
0.0 0.0 0.0 0.5937566212852624 0.3619046672752669 0.4525685411324839 1.0 0.0 1 
0.07291666666666666 0.16666666666666666 0.11826065653154796 0.7699549547158916 0.409889924900102 0.42610477922735496 1.0 0.0 1 
0.03214285714285714 0.09 0.0802518623862148 0.3240873498899618 0.06428475244304886 0.0 1.0 0.0 0 
0.0 0.0 0.0 0.0 0.0 0.0 1.0 0.0 0 
0.0 0.0 0.0 0.0 0.0 0.0 1.0 0.0 0 
0.29166666666666663 0.753968253968254 0.8391687359846831 0.8261844267462709 0.5947330260677732 0.4294429251383303 1.0 0.0 0 
0.125 0.4411764705882353 0.5198603854199589 0.26015737260875427 0.10945544928585706 0.19772181043213596 0.0 0.0 0 
