0.0 0.0 0.0 0.0 0.0 0.0 0.0 0.0 0 
0.0 0.0 0.0 0.0 0.0 0.0 0.0 0.0 0 
0.0 0.0 0.0 0.0 0.0 0.0 0.0 0.0 0 
0.0 0.0 0.0 0.0 0.0 0.0 0.0 0.0 0 
0.0 0.0 0.0 0.0 0.0 0.0 0.0 0.0 0 
0.36342592592592593 0.5287698412698412 0.5137182756693102 0.7054833419337709 0.5757446371019103 0.4986705985291646 0.0 0.0 0 
0.5128571428571429 0.59375 0.5724422406583558 0.7534091166489554 0.5890045048986723 0.6185349859988275 0.0 0.0 1 
0.3686507936507937 0.5207407407407407 0.4904890692681729 0.38691485152142024 0.3746251692078875 0.46606086314311884 0.0 0.0 0 
0.04297619047619047 0.13908496732026143 0.10425907261423328 0.7440500463961542 0.25329925938843384 0.005981242424905513 1.0 0.0 0 
0.371875 0.4236842105263158 0.40131121596715635 0.6232856882354697 0.2170186234266066 0.21737295241756519 0.0 0.0 0 
0.18125 0.3678571428571429 0.34493889717289633 0.7643103369819165 0.32730669374359683 0.38641485958049937 1.0 0.0 0 
0.25680308113765515 0.544790239117878 0.625 0.3811883136821841 0.041865692872643516 0.43210363331090546 1.0 0.0 1 
0.1994047619047619 0.47583333333333333 0.5257919213910479 0.22055570957223836 0.11647013591572053 0.45808803364207407 1.0 0.0 1 
0.05178571428571428 0.16272727272727272 0.15060325974122116 0.4473734538428309 0.12166301842127399 0.4840162895499113 1.0 0.0 1 
0.18849495796738697 0.6400593531919343 0.8094988754018352 0.29884832973919884 0.11398446686168273 0.42626520362637826 0.0 0.0 0 
0.6322510822510823 0.7495281765018607 0.7963557160792916 0.5910451990725437 0.49638672630449726 0.7190547567722088 0.0 0.0 1 
0.19898989898989897 0.5754443862732633 0.6959757859648543 0.3154665679683921 0.15922982052633078 0.5666819987115205 0.0 0.0 0 
0.1561868686868687 0.5537821655468714 0.6878319493922642 0.3783409637765436 0.16965498503358356 0.40851867238849526 0.0 0.0 0 
0.1403078403078403 0.42857142857142855 0.49388775351000536 0.3336386232637034 0.10459288062401652 0.5120818329638768 0.0 0.0 0 
0.06223776223776224 0.21428571428571427 0.20266423747614898 0.03985767761775394 0.11037290829983701 0.3091700336686049 0.0 0.0 0 
0.33666666666666667 0.5286195286195285 0.5844158957099324 0.4552578681958066 0.20522147114544584 0.6265574675428162 0.0 0.0 1 
0.08333333333333333 0.39215686274509803 0.46209812037329684 0.005227988720396981 0.08865645266418344 0.23376521216973026 1.0 0.0 0 
0.6366666666666667 0.7483660130718954 0.7980829253011726 0.09668931902052813 0.15188270550953473 0.3563218475408052 1.0 0.0 1 
0.5850569183902518 0.6614439210027445 0.6671480304666324 0.09512713796721917 0.13779641056213296 0.5290021904591607 1.0 0.0 1 
0.08583333333333334 0.3302521008403361 0.43598138472266124 0.7749462939709093 0.2847909518272487 0.5419463122797407 1.0 0.0 0 
0.19888888888888887 0.5107002801120448 0.5617912732821312 0.5774541407658442 0.215369000002318 0.4411380722294008 1.0 0.0 1 
0.1428395061728395 0.44255460588793927 0.5282764680286678 0.3654645576670623 0.1134593800737482 0.49016475741776316 0.0 0.0 0 
0.0 0.0 0.0 0.5251197690067064 0.200888192077121 0.33495709429629394 0.0 0.0 1 
0.6373260785428575 0.6606522426541979 0.6199904778636899 0.6314847895307959 0.33572668890594226 0.5119482217936709 0.0 0.0 0 
0.0 0.0 0.0 0.18041966993477399 0.08754072022577682 0.0 0.0 0.0 1 
0.0 0.0 0.0 0.41107070554010505 0.1068894622135335 0.11010937738125844 1.0 0.0 0 
0.40816148441966404 0.6259890438127106 0.6356618953375051 0.6999157682772983 0.3549686384162503 0.6856156016996751 1.0 0.0 1 
0.0 0.0 0.0 0.5606441236919578 0.1738559021674594 0.17675445410656318 0.0 0.0 0 
0.4206096351484411 0.6945320739930969 0.8017623262122042 0.7196734384886015 0.40084474888320243 0.5411226686125281 1.0 0.0 0 
0.3507242578432017 0.5021734463009502 0.5678267977395812 0.8215810535092956 0.4439631406569463 0.653272700510291 1.0 0.0 1 
0.0 0.0 0.0 0.16643610415215293 0.11066052037517807 0.0 1.0 0.0 1 
0.0 0.0 0.0 0.043199632403013055 0.03283939774007472 0.0 0.0 0.0 0 
0.2901260748933291 0.48930096981137805 0.5567950406196498 0.8059728783664495 0.6248690298372743 0.7611661018512962 0.0 0.0 0 
0.27366261795097446 0.4577445605480833 0.4796951698981078 0.46955037209022144 0.2371683887304342 0.15490357129674362 0.0 0.0 1 
0.2502614140304623 0.4520359318609669 0.4950347928025035 0.6833635639677226 0.35789431047412507 0.43019083185824786 1.0 0.0 0 
0.04960035995965931 0.1871933795912896 0.2187864713991009 0.5631495919216334 0.22963857951482602 0.1452750348516643 1.0 0.0 1 
0.33545384417362056 0.4890833361823358 0.5002618642381611 0.7845971239258125 0.6105506688086296 0.7263022314529278 1.0 0.0 1 
0.1846590909090909 0.4184873949579832 0.4433836332080603 0.7223884955298758 0.4247191495613242 0.3136991445693473 1.0 0.0 0 
0.3215277777777778 0.38981481481481484 0.3641126223766441 0.3852014862130173 0.14501353936614553 0.17101684515785762 1.0 0.0 1 
0.26130952380952377 0.30802530802530803 0.2930956799584922 0.6663684282780036 0.29480079137332843 0.28899224088102954 1.0 0.0 1 
0.2507936507936508 0.41200396825396823 0.4691314735715254 0.5615991238903704 0.23930813944256138 0.1869950302349112 0.0 0.0 0 
0.17971540208336517 0.41071383084382307 0.4891993793797506 0.7728950731158415 0.3443363124136992 0.5888070484781379 0.0 0.0 0 
0.17797619047619045 0.22469197469197472 0.20976234662515886 0.7464107412698107 0.3393005186701621 0.4061719491878522 0.0 0.0 1 
0.40247579603271005 0.6801265140289399 0.7276769622354361 0.7300152117739848 0.24919877075162075 0.5164920906930638 1.0 0.0 1 
0.1332199546485261 0.3422490208204494 0.35136986035270035 0.686505015195897 0.26203839101719206 0.3591908698460643 0.0 0.0 0 
0.15234586087756588 0.38049726829952185 0.398219363613028 0.7516892922417826 0.30962910550939104 0.5023769811224088 0.0 0.0 1 
0.310515873015873 0.4564445475159761 0.4633043061789417 0.7018346882031431 0.28560164473170646 0.3596509171545815 0.0 0.0 1 
0.5492192484250644 0.5959907422059163 0.5382949033915985 0.7969737902503388 0.6565426375284268 0.6869042101077892 0.0 0.0 1 
0.2899734200801948 0.5393816754720477 0.5625502946527188 0.7844570153231973 0.2855798819041712 0.4703537900412305 1.0 0.0 0 
0.44345238095238093 0.5878787878787879 0.5654379682653277 0.8553257508664976 0.5574630097022711 0.4934507806830157 1.0 0.0 1 
0.17940408688707027 0.4463643781290617 0.49666005506143185 0.8244285429666687 0.4402531764807635 0.6178103364164299 1.0 0.0 0 
0.12907826823031165 0.36925772455742056 0.4455354115626293 0.5768220118832533 0.31361341422568095 0.4845023238949071 1.0 0.0 0 
0.4444735445643042 0.554663975780066 0.542663328467935 0.29561856581056745 0.2607188155399812 0.15913097680284252 1.0 0.0 1 
0.17832136999619103 0.40925430144564323 0.3993380088891064 0.7053876554705306 0.36954864833413004 0.17262367882808435 1.0 0.0 0 
0.16428571428571428 0.265 0.08011883557471358 0.031212051954885855 0.06968424071061975 0.3143921599473334 0.0 0.0 1 
0.6 0.6 0.6 0.07122416012332611 0.020837679010035873 0.1715275974073176 0.0 0.0 0 
0.3125 0.41666666666666663 0.17980129528236305 0.04810184731833256 0.12657390461095624 0.29799734351677387 0.0 0.0 1 
0.36964285714285716 0.4788461538461538 0.3891408355644345 0.2363279517662682 0.03983066133167225 0.0 0.0 0.0 0 
0.11914682539682539 0.3569302436693741 0.3901368480227593 0.4849048033560144 0.08891133699326571 0.18921652846584702 1.0 0.0 0 
0.06919642857142858 0.23076923076923078 0.21637042061816025 0.16681493240897727 0.027439498900951396 0.0 1.0 0.0 1 
0.20138888888888887 0.32986111111111105 0.33402221087038364 0.5762339744378082 0.28040550337956277 0.1270822996845345 1.0 0.0 1 
0.7483766233766234 0.8712719298245614 0.9079441541679836 0.3892940177172294 0.6730637695821207 0.43660920589528623 1.0 0.0 0 
0.31875 0.4848595848595849 0.5605360515657827 0.5355101394735869 0.31458131666556793 0.5739566306437984 1.0 0.0 1 
0.11875 0.35119047619047616 0.48091223254840043 0.16333746463040755 0.06535735369546973 0.0 0.0 0.0 0 
0.390625 0.4326923076923077 0.4256831385135206 0.27509891685860466 0.696187630061855 0.6096657184105116 0.0 0.0 1 
0.07291666666666666 0.11666666666666667 0.0 0.6898306966272313 0.317209323379691 0.4443138458027356 0.0 0.0 0 
0.40555555555555556 0.5238095238095238 0.5752214970610339 0.6019154454705351 0.2575806675717036 0.21563352554278328 0.0 0.0 1 
0.12222222222222222 0.20987654320987656 0.10444525094349677 0.7498270881816781 0.3661796338000304 0.31130985957934865 0.0 0.0 1 
0.3080357142857143 0.37666666666666665 0.31384020358273534 0.8027732844378026 0.44906379471349894 0.33165817376160106 1.0 0.0 0 
0.4138833774250441 0.5573192239858906 0.510846651095029 0.5921206202797912 0.4720723187880147 0.3750875115830538 1.0 0.0 0 
0.13749999999999998 0.2787309368191721 0.27554629732458863 0.5041843403346882 0.19779498403974052 0.12166565733581128 1.0 0.0 1 
0.1125 0.18 0.1559581156259877 0.40759569643180726 0.17885955934143627 0.11919919182785949 0.0 0.0 1 
0.0 0.0 0.0 0.4181952925237228 0.18525652523919428 0.17555401741809945 1.0 0.0 1 
0.15781625579313516 0.39857511908674126 0.4905128181897044 0.5207727294333773 0.3158241016834108 0.3468255455583855 1.0 0.0 1 
0.0 0.0 0.0 0.4392455629728005 0.10233366377825714 0.34104810067815144 1.0 0.0 1 
0.0 0.0 0.0 0.11557594717319852 0.0 0.034187139941451915 0.0 0.0 0 
0.24193121693121694 0.32770146520146515 0.28683109078913327 0.23392738082136322 0.08752204212793456 0.010433838994149496 0.0 0.0 1 
0.23054931979479162 0.3553598339633523 0.32472882568598427 0.8327213598638803 0.5835992192813463 0.4422968056747191 0.0 0.0 0 
0.3868506493506494 0.5105180533751962 0.5342958592753101 0.5418235140880803 0.19878058616895788 0.2473364935895022 0.0 0.0 1 
0.27024402461159525 0.33405650195833714 0.31392084072364485 0.6701477058445842 0.26420532552356024 0.33603851325249917 1.0 0.0 0 
0.06509045202700092 0.14426615084610153 0.09756319206365899 0.6221409040995896 0.32258600031348006 0.16064100781338853 1.0 0.0 1 
0.0 0.0 0.0 0.6027924882284693 0.21629865527754882 0.1886855769311305 1.0 0.0 0 
0.0 0.0 0.0 0.6543239092673198 0.27352650153544006 0.16422783768452004 1.0 0.0 0 
0.5208333333333334 0.6827380952380953 0.6081287915940793 0.732824896628106 0.41141319869885135 0.38457668336873035 1.0 0.0 1 
0.0 0.0 0.0 0.5777613244331723 0.20791060603028363 0.03361611071207083 0.0 0.0 0 
0.0907738095238095 0.3261904761904762 0.403959518640598 0.393649372946427 0.11758997166982464 0.23577124632175875 0.0 0.0 1 
0.0875 0.2 0.17328679513998632 0.45118852707286383 0.16235628745945174 0.17907510354666759 1.0 0.0 0 
0.1 0.22166666666666668 0.24779019459924434 0.6664357691097315 0.29299044974956184 0.2767156966271615 1.0 0.0 1 
0.11241071428571428 0.4359817813765182 0.5553314617365948 0.4481171850250212 0.21089640494911194 0.3014668703547218 1.0 0.0 0 
0.2520354627462619 0.44273901851131137 0.4609648133370964 0.7947119183501179 0.3338011050518416 0.2703036807991334 0.0 0.0 0 
0.20952380952380953 0.5304093567251462 0.6279723668557023 0.30451074434867254 0.04981900369740267 0.15306964039814805 0.0 0.0 1 
0.4101190476190476 0.5292717086834734 0.551766568517952 0.8400924540463187 0.4258761497282467 0.4709993590500264 0.0 0.0 1 
0.1784372240250332 0.5173466604036867 0.5864376978537029 0.35009860831682116 0.15806337966726447 0.4259953180716347 1.0 0.0 0 
0.2165532879818594 0.5558101603214385 0.6719658117003792 0.38137039208945345 0.20595090009906822 0.47556753488362136 0.0 0.0 0 
0.166577544359517 0.4559745641015992 0.552542758643533 0.8001197680807101 0.3821449253840675 0.37293385708948007 1.0 0.0 1 
0.1814274930389535 0.48841263750576924 0.5677058168031854 0.6266514079439259 0.36891249412014093 0.33436244929640196 1.0 0.0 0 
0.26328055110309034 0.46480915721607124 0.46975657764555945 0.6671259311334873 0.2946525383739406 0.43123328648355 0.0 0.0 1 
0.27090153426274755 0.5433380204388019 0.4723621254359177 0.4219706762590133 0.14177298877708291 0.3940183201869459 1.0 0.0 0 
0.3020833333333333 0.6333333333333333 0.5887930097178182 0.42502245536046135 0.1406185000178687 0.4078042677775236 1.0 0.0 0 
0.20833333333333331 0.4294871794871795 0.48091223254840043 0.5377271977653466 0.1341284516725166 0.5189086319454128 1.0 0.0 1 
0.5833333333333334 0.7142857142857143 0.75 0.7263823508589876 0.6953526377396128 0.7760988363807564 1.0 0.0 0 
0.0496031746031746 0.20063025210084034 0.2285158891748662 0.6440470601611644 0.15878221743597618 0.2075125477430221 1.0 0.0 1 
0.05555555555555555 0.22023809523809523 0.26705355913168083 0.6140718505288136 0.08205897992394594 0.1988159117782632 0.0 0.0 0 
0.1597222222222222 0.40996120107962214 0.5 0.6684045918832953 0.3607397010885353 0.6299019487632962 0.0 0.0 1 
0.0 0.0 0.0 0.17299381541487147 0.0 0.03685655170149116 1.0 0.0 1 
0.27359693877551017 0.3945994794679005 0.3579830784624136 0.6090147384037569 0.4708725248567694 0.4484808336737071 1.0 0.0 1 
0.0 0.0 0.0 0.5346146815214634 0.17244030933566032 0.17221481051612106 1.0 0.0 1 
0.0 0.0 0.0 0.10024055982956792 0.0 0.12974863264669412 0.0 0.0 0 
0.20476190476190476 0.30952380952380953 0.17741272402915725 0.36492773340573015 0.13315980386534793 0.2054509485002224 1.0 0.0 0 
0.11666666666666667 0.19444444444444442 0.10635424146314018 0.5085607226036649 0.19881929948872434 0.22388288410290894 1.0 0.0 0 
0.06690115440115439 0.22328216374269005 0.23694578611021427 0.3876834350965528 0.07988394294176493 0.2145893189886934 1.0 0.0 0 
0.121875 0.3822317813765182 0.41349397224084916 0.31544350930315934 0.05828471093993755 0.2690025628058198 1.0 0.0 1 
0.3016017569890781 0.459951764303328 0.42239516329163485 0.472961029664538 0.3996879063313804 0.3685804425083118 1.0 0.0 1 
0.19861111111111107 0.5760448089492207 0.686072329283322 0.6521518626376592 0.18536536926629596 0.4763587893105584 0.0 0.0 1 
0.28326312148931787 0.5433298025038082 0.6137523694966682 0.7060811275169061 0.2196250588627489 0.5222157950161839 0.0 0.0 0 
0.3485285884467155 0.5564969940970679 0.5759415012731373 0.6323487378713517 0.39111673779216355 0.6025891710652308 1.0 0.0 0 
0.4288039701620373 0.476730560653984 0.41868671418276227 0.7225054377476517 0.4419199747986555 0.3423895335965189 1.0 0.0 1 
0.11333096903278048 0.17832978688250403 0.10023794246367819 0.48468837474019255 0.18995590671382576 0.11168640254159745 1.0 0.0 0 
0.1129985814196683 0.18833096903278046 0.10301038639971177 0.35469257181149105 0.10660527662857336 0.08784894609779494 1.0 0.0 1 
0.20802070156728614 0.542597494868595 0.6052389493985737 0.5733699749613999 0.21176425918513195 0.27233730148917296 1.0 0.0 1 
0.7233498834372032 0.8172455461815763 0.8037805844296779 0.8667759993579525 0.8220310190780633 0.8662792590218542 1.0 0.0 1 
0.0 0.0 0.0 0.1587020939089303 0.04367602267636235 0.0 1.0 0.0 1 
0.65625 0.675 0.625 0.8727720313224039 0.6594065686151057 0.6222233892496704 0.0 0.0 0 
0.5866572094644553 0.5974893606475122 0.4103205348002994 0.5617483464194559 0.33261370217503144 0.3086233081133677 0.0 0.0 0 
0.28171614318231164 0.5981447037743719 0.7251665551126459 0.7427056173719124 0.3878631552917932 0.44705577202877345 1.0 0.0 0 
0.14557035641236335 0.42992647342743695 0.4031902828773072 0.6455123847223331 0.16504183017228946 0.18636581167855723 1.0 0.0 1 
0.0 0.0 0.0 0.20349540911443453 0.06839256041981677 0.0 1.0 0.0 0 
0.0 0.0 0.0 0.0962364746854768 0.019060233561439828 0.0 0.0 0.0 0 
0.19980158730158729 0.49340277777777775 0.4832497821992626 0.5141711473118622 0.14196317741694134 0.16351709375653764 1.0 0.0 0 
0.21924603174603174 0.5990896358543417 0.7477847241532736 0.7219571726464482 0.21545553039687934 0.21221625459323445 1.0 0.0 0 
0.20370370370370372 0.5773809523809523 0.7324275510555203 0.6459490348439348 0.22180549135557776 0.16746062130337597 1.0 0.0 1 
0.5744047619047619 0.8075396825396826 0.8910955983799955 0.893677675008007 0.5199537163228003 0.6504579489556064 0.0 0.0 0 
0.348015873015873 0.6235042735042735 0.6988578634266576 0.6904367103693938 0.2929030595771481 0.4899557786540858 1.0 0.0 1 
0.4013798701298701 0.5963924963924964 0.6054081677924253 0.561336423805269 0.21865531311248215 0.42776395559766234 1.0 0.0 1 
0.08809523809523809 0.3355797582190771 0.43273541256148274 0.7306661568819209 0.33660708279132484 0.4761219680333349 0.0 0.0 0 
0.07440476190476189 0.2579365079365079 0.32385786342665757 0.6501422774670449 0.27606909484862846 0.5367127607738803 0.0 0.0 1 
0.2922619047619048 0.4290701128936423 0.40798467654227427 0.838271701040314 0.39321842345251384 0.44789987265872727 1.0 0.0 0 
0.3305272108843538 0.5551382091298057 0.5861588630780955 0.5620379373645477 0.5376370806835233 0.5389564342464545 1.0 0.0 1 
0.15299823633156967 0.31153846153846154 0.21244196912350247 0.5986670522622286 0.20974988308723216 0.3897908302108507 1.0 0.0 0 
0.13182870370370373 0.4222018722018722 0.46219387862769234 0.5119387730019347 0.15003780386060203 0.44299054885563 1.0 0.0 0 
0.3840488215488216 0.6174242424242424 0.6193484379856565 0.2654173753730802 0.15056461863074688 0.4599737019755836 0.0 0.0 1 
0.43551136363636367 0.5739177489177489 0.5876381748132502 0.6345922183835274 0.5956781869529879 0.6713671311563375 0.0 0.0 1 
0.12579381067821288 0.3462907196943023 0.2962078893446973 0.5425558110288836 0.17942636791413408 0.336449168781105 0.0 0.0 1 
0.1010598408325681 0.2782828282828283 0.23640606927191346 0.11664413353195446 0.06883129309925423 0.4111127024904126 0.0 0.0 0 
0.36269095426953446 0.5279558763000127 0.5465063360860818 0.9190480404752597 0.7084142267836282 0.7355744912639194 1.0 0.0 0 
0.11083640428259423 0.30489147347592827 0.3173825701369427 0.4473379037819727 0.16305034581214403 0.3213684768365633 1.0 0.0 0 
0.4114121196628049 0.5402045989958966 0.5698901425858384 0.8698839388233637 0.7327196914311508 0.5159493843517531 1.0 0.0 1 
0.25271465338330956 0.4561583954015307 0.5235205445260666 0.5553250688610121 0.5956030806964502 0.6553197014881762 1.0 0.0 1 
0.18128254705552424 0.38032372903669404 0.4103819931097664 0.4831660774905471 0.11756159267393824 0.38275067764676995 1.0 0.0 1 
0.33194444444444443 0.5001984126984127 0.5229452258832261 0.7946255644394937 0.6484544165588051 0.6354259263821224 0.0 0.0 0 
0.3771130952380952 0.6031617647058825 0.6613477113908202 0.7649622817356814 0.41230567697570875 0.39878193055917976 1.0 0.0 0 
0.23291666666666666 0.5955952380952381 0.6464165354930609 0.6889194750035148 0.2772899921991955 0.3176886497842304 1.0 0.0 0 
0.09761904761904762 0.32029411764705884 0.39382503488415727 0.5922793076617539 0.2570167918820113 0.334704724595909 1.0 0.0 1 
0.5634654610025884 0.687177841808859 0.7290067746528723 0.978115302185659 0.7368875385698285 0.6629236648457704 1.0 0.0 1 
0.08308531746031746 0.3255494505494505 0.37038838077973923 0.622528717582439 0.13849357312500413 0.1506276275552885 1.0 0.0 0 
0.5 0.5 0.5 0.7164405208181742 0.8191339817402111 0.7140976227179738 0.0 0.0 0 
0.1933128589037622 0.3994056528236048 0.42297655560189007 0.678506998984505 0.2554222818911159 0.46945356120752885 0.0 0.0 1 
0.1933128589037622 0.3994056528236048 0.42297655560189007 0.4972894715591871 0.18721974690509968 0.26433618200678666 0.0 0.0 0 
0.48762110212587695 0.6300465421629836 0.6812432733717905 0.898515023582854 0.7302296029277667 0.7585562932773425 1.0 0.0 0 
0.07945128324502254 0.31174917382924466 0.386548305404443 0.34280999946196067 0.15394543954835307 0.2799652716928026 1.0 0.0 1 
0.4386808185398895 0.6500738249733486 0.7030825153229466 0.8246831257369326 0.5459844923252566 0.6546553000919049 1.0 0.0 1 
0.31968921072577633 0.4540700623212117 0.45491193014092035 0.44301810133843056 0.24405022965729395 0.4705481835899227 1.0 0.0 0 
0.05357142857142857 0.21428571428571427 0.25993019270997947 0.3548748650677145 0.08371536008121117 0.23700169898622206 0.0 0.0 0 
0.05858585858585859 0.18074074074074073 0.18232511507210133 0.5366811810146088 0.16017618876606193 0.3326960286395837 0.0 0.0 1 
0.46812169312169305 0.5905745489078822 0.5802203814137061 0.9288240358846055 0.7051240285331575 0.7366329280711201 1.0 0.0 0 
0.29189814814814813 0.49850866272434896 0.52447020192527 0.5362192102847906 0.5675958582518771 0.6485993044827412 1.0 0.0 0 
0.5924603174603175 0.7509479717813051 0.8333333333333333 0.44490410979205997 0.5636379375930171 0.6846713020298596 1.0 0.0 1 
0.33865079365079365 0.5400783375551177 0.5793087888726172 0.4361225921350653 0.3547001922598576 0.45117145191631897 0.0 0.0 0 
0.4200330687830688 0.5800096200096201 0.5752403770273682 0.32966900500491036 0.32544071945528635 0.42989120324045804 1.0 0.0 0 
0.07703703703703704 0.28671271538918597 0.280185904704639 0.014542815714953417 0.0654379284215413 0.0 1.0 0.0 1 
0.1994543650793651 0.46603610664439543 0.43569207323032655 0.2772098563419363 0.13500710985593511 0.33263465145812704 1.0 0.0 0 
0.47098214285714285 0.6729516806722688 0.7204871202120994 0.40721088782043124 0.5083303848734207 0.4557767879467197 1.0 0.0 1 
0.12568542568542568 0.45021645021645024 0.6101210002404893 0.06976139484924382 0.0 0.0 1.0 0.0 0 
0.1765151515151515 0.5494505494505495 0.7072043768106631 0.0437126306223955 0.018533088539627842 0.0 0.0 0.0 0 
0.12673836580086578 0.4115788574348357 0.428144926880747 0.6433110150065072 0.2682750807647971 0.3375013356607684 1.0 0.0 0 
0.28115079365079365 0.574333339948665 0.6546853176963812 0.8686896336520844 0.421054906688532 0.46664918625148705 1.0 0.0 0 
0.36953983516483513 0.49080815018315016 0.4370747962238928 0.6880497324723737 0.5958211140999555 0.46528567531163945 1.0 0.0 1 
0.14790249433106575 0.3653508771929824 0.3285767300583074 0.718338345059857 0.39728013040503796 0.4239050648902072 0.0 0.0 0 
0.3472222222222222 0.5601641414141414 0.5372814284587086 0.6068283992673978 0.31308389744450593 0.19151816749481135 0.0 0.0 1 
0.22317466577597883 0.4726935337924254 0.5358808761139506 0.8379403512374455 0.5452345776037963 0.5032476617208177 1.0 0.0 0 
0.20829108292054152 0.23421700884646746 0.2275668979417562 0.4254021376074667 0.29776168937281466 0.10829111718041387 1.0 0.0 1 
0.36963124706612716 0.5626871567229998 0.5284609103673865 0.4945577906226617 0.19714710017322679 0.33373172886656255 1.0 0.0 1 
0.0 0.0 0.0 0.0 0.0 0.0 1.0 0.0 1 
0.22916666666666666 0.22916666666666666 0.22916666666666666 0.5590720428803254 0.2788986130299835 0.25810445085603523 0.0 0.0 0 
0.04600694444444444 0.12685185185185185 0.13627753509166596 0.43771701700871257 0.1448628394016327 0.10714171241533023 1.0 0.0 0 
0.0 0.0 0.0 0.0 0.0 0.0 0.0 0.0 0 
0.1111111111111111 0.2962962962962963 0.2871886107283028 0.037936728714040746 0.0 0.0 0.0 0.0 1 
0.0 0.0 0.0 0.0 0.0 0.0 0.0 0.0 0 
0.1763888888888889 0.49206349206349204 0.6262146268830991 0.06979752136239026 0.0 0.3957089380152575 0.0 0.0 0 
0.18194444444444444 0.4896825396825397 0.5944609493853769 0.33314107042410057 0.08988964204943842 0.24310806202669505 0.0 0.0 1 
0.0 0.0 0.0 0.2662565664200808 0.09884563646283 0.27042275110235275 0.0 0.0 0 
0.0 0.0 0.0 0.15077069320875114 0.08142979088196657 0.054248674063590026 1.0 0.0 0 
0.06319444444444444 0.22298534798534797 0.29046849497989957 0.4239804941067843 0.11476025463092221 0.17031322706689508 0.0 0.0 1 
0.3333333333333333 0.3333333333333333 0.3333333333333333 0.21201974207290264 0.11563809761652591 0.26205322633040207 0.0 0.0 1 
0.041666666666666664 0.12121212121212122 0.08038735227229603 0.394894889610268 0.1450768156885274 0.0 0.0 0.0 1 
0.10902777777777777 0.38667582417582425 0.5196351616465662 0.557901372026985 0.1760947964783777 0.10969570222227586 1.0 0.0 0 
0.15989583333333332 0.33457792207792203 0.3487271193215286 0.6395916623101368 0.18922900602497425 0.31470052778594776 1.0 0.0 1 
0.0934090026387403 0.2671905225105008 0.26681823327936516 0.43338388396907057 0.1823378920300889 0.27831313056070256 1.0 0.0 0 
0.17528034087181926 0.40402055267164805 0.40047604213784926 0.5758628083890579 0.24546853436975008 0.09922850293853708 1.0 0.0 0 
0.2534722222222222 0.5110294117647058 0.44749445591138126 0.5382150932216736 0.19014000065167883 0.06466488584341562 0.0 0.0 0 
0.24791666666666667 0.524812030075188 0.5756116714603137 0.7096611191566445 0.25751799401778697 0.016314994746915158 0.0 0.0 1 
0.08829365079365079 0.22605519480519481 0.19993315128908917 0.5787312249748953 0.20415335942002105 0.43030443935878354 1.0 0.0 0 
0.278125 0.33939393939393936 0.33082839561563154 0.43876969433082347 0.3036085076806786 0.5649288419250931 1.0 0.0 1 
0.4281994047619047 0.553125 0.5448156456925395 0.7828487114860183 0.6554784502020813 0.5220086702425645 1.0 0.0 1 
0.07857142857142857 0.24174436674436672 0.26832737456893446 0.4264727382113076 0.10253274306170748 0.1675276564309825 1.0 0.0 0 
0.10138888888888889 0.39831730769230766 0.47939535163202296 0.21076707799616168 0.06639567345292503 0.20455764776197666 0.0 0.0 0 
0.3111742424242424 0.4949404761904762 0.5161773348224679 0.6843628305573101 0.2952719161642854 0.2279293628921452 0.0 0.0 0 
0.08035714285714285 0.28125 0.30318553166213635 0.24227151006506564 0.17247827404923416 0.17190908391180104 1.0 0.0 1 
0.168287037037037 0.32037037037037036 0.26290512958578544 0.690394931496521 0.3127822277480464 0.35598890475042144 1.0 0.0 1 
0.058333333333333334 0.10606060606060606 0.050756636577284055 0.16902932007330063 0.13706101881924687 0.42165177114223895 0.0 0.0 0 
0.0 0.0 0.0 0.496409493840545 0.25266803242846625 0.21575076341307775 1.0 0.0 1 
0.0 0.0 0.0 0.005115400766320777 0.005606063437484896 0.0 1.0 0.0 1 
0.125 0.25 0.25993019270997947 0.4811304567752561 0.17067841874781484 0.24530954276122172 1.0 0.0 1 
0.09952614432461429 0.3575973562007709 0.3959282464528832 0.32062877575787163 0.07413306517227378 0.20485067420110561 0.0 0.0 0 
0.25760490389210094 0.42421801553165595 0.4386126107914121 0.6451199616358725 0.24142621111756535 0.2660096179263375 1.0 0.0 0 
0.11262708757261233 0.29422857881460907 0.349073461785787 0.5859110993935794 0.23606357910024683 0.3265704450537078 1.0 0.0 1 
0.12455357142857143 0.3526785714285714 0.4022572803511606 0.6275164348206719 0.2502481826344713 0.330928559028914 1.0 0.0 0 
0.13229166666666667 0.36331744236156005 0.42971679608461877 0.5935786273906786 0.22922414907543556 0.3082520866322632 0.0 0.0 0 
0.10701884920634921 0.3392704517704518 0.36530327649113936 0.6481937046994554 0.21789139962353837 0.34449294216154125 0.0 0.0 1 
0.06944444444444445 0.25641025641025644 0.28881132523331055 0.6021149690321929 0.17244930500746056 0.2050545581872825 0.0 0.0 0 
0.13968253968253969 0.4099747474747475 0.4664864167296351 0.4819872999748094 0.33126452000389706 0.3168941883839734 0.0 0.0 1 
0.10234605861434573 0.30168624402207034 0.3715619925170493 0.46795953890161635 0.2739880710859551 0.3133945851865175 0.0 0.0 1 
0.19467592592592592 0.4444139194139194 0.5080532032385364 0.41295223529307945 0.13317820957503007 0.16359327081001493 0.0 0.0 0 
0.28066091820968386 0.43201014378754915 0.4428260760599245 0.7019834388336557 0.42798036560528 0.38423536202052316 1.0 0.0 0 
0.0 0.0 0.0 0.25986000654608843 0.06780317341573941 0.15689092360464327 1.0 0.0 1 
0.3416666666666667 0.5244708994708994 0.5300157019693181 0.5652391868926567 0.30598718003303044 0.34075918167958125 1.0 0.0 1 
0.0 0.0 0.0 0.27270038146657605 0.08316579567897182 0.0 1.0 0.0 0 
0.0 0.0 0.0 0.1863766340797568 0.05627124474536928 0.09806862684157179 1.0 0.0 1 
0.0 0.0 0.0 0.259452807734192 0.051377269508599416 0.0 0.0 0.0 0 
0.0 0.0 0.0 0.0 0.0 0.0 0.0 0.0 1 
0.0 0.0 0.0 0.21448406545488163 0.022337531352289382 0.0 0.0 0.0 1 
0.0 0.0 0.0 0.18478274963180197 0.0 0.0 0.0 0.0 1 
0.0 0.0 0.0 0.0 0.0 0.0 0.0 0.0 0 
0.0 0.0 0.0 0.0 0.0 0.0 0.0 0.0 1 
0.5839285714285715 0.6294642857142857 0.6351969256128551 0.416733946663151 0.45982191888975804 0.38614000815739163 1.0 0.0 0 
0.09523809523809523 0.38095238095238093 0.46209812037329684 0.43919732538619416 0.10161129956638647 0.11529486998593448 0.0 0.0 0 
0.3211111111111111 0.5088888888888888 0.5395878601520638 0.3292762331098711 0.022104412300396253 0.08293196680759213 1.0 0.0 0 
0.0 0.0 0.0 0.0 0.0 0.0 1.0 0.0 1 
0.0 0.0 0.0 0.0 0.0 0.0 1.0 0.0 0 
0.0 0.0 0.0 0.0 0.0 0.0 1.0 0.0 1 
0.0 0.0 0.0 0.0 0.0 0.0 0.0 0.0 0 
0.0 0.0 0.0 0.0 0.0 0.0 0.0 0.0 0 
0.2123130803487866 0.49603138333497276 0.4649350386837785 0.7651416954609479 0.4152611524710943 0.5130226555215599 1.0 0.0 0 
0.0 0.0 0.0 0.46154747421367515 0.09703035168058533 0.0049039198457439485 1.0 0.0 1 
0.0 0.0 0.0 0.4672858473333623 0.07864066165498217 0.01588353089805 1.0 0.0 0 
0.5903703703703703 0.7194444444444444 0.7554834265656529 0.7804735468031923 0.561011771518756 0.6661531767226011 1.0 0.0 1 
0.11539682539682541 0.45997510115157175 0.5994529268912823 0.3205146896508344 0.13736153021860173 0.24921475796347203 1.0 0.0 1 
0.0 0.0 0.0 0.3962627202398803 0.0412084225415211 0.0 0.0 0.0 0 
0.07893518518518519 0.326797385620915 0.4036562891972557 0.3275416739438345 0.18531811443586496 0.3918698937977339 1.0 0.0 0 
0.11401970248544889 0.28274952060486025 0.2722931556054914 0.5941549415507095 0.1990981283212524 0.20460343261326358 1.0 0.0 1 
0.11111111111111112 0.4417211328976035 0.5801382088352878 0.15829529527608877 0.010232481920952038 0.0 0.0 0.0 1 
0.1038330003101646 0.2507873958894408 0.1749471837458577 0.3024124172612046 0.11711360831722041 0.17116447923242445 1.0 0.0 0 
0.18072701765085364 0.42432552464914275 0.46429988719936943 0.4014197888457103 0.1473850046147596 0.14975186851637112 1.0 0.0 0 
0.3451305792720812 0.4393253730954687 0.4668367716682838 0.331817911929677 0.3710480057938273 0.43450553002414016 0.0 0.0 1 
0.11947680334167408 0.35843041002502224 0.4140750468929822 0.3214102655450586 0.08509187430956093 0.09825278189124777 0.0 0.0 1 
0.0 0.0 0.0 0.11972240358365549 0.00468091945403181 0.0 0.0 0.0 0 
0.5 0.5 0.5 0.28510206148127093 0.08384077457780129 0.2686321955592663 0.0 0.0 1 
0.42428571428571427 0.6676136363636364 0.7603045831586212 0.0748395625705901 0.003357736445383169 0.042475559704197884 0.0 0.0 1 
0.0 0.0 0.0 0.07158178146693195 0.07941917128556095 0.07834193736033354 0.0 0.0 0 
0.0 0.0 0.0 0.09274689861373342 0.0 0.03362593240178449 0.0 0.0 0 
0.35 0.35 0.35 0.08699832919079364 0.0 0.0 0.0 0.0 0 
0.0 0.0 0.0 0.32246892462928567 0.11826923747795204 0.0 0.0 0.0 1 
0.0 0.0 0.0 0.14301955771624897 0.02769980269388632 0.29540016167440625 1.0 0.0 0 
0.0 0.0 0.0 0.6063961937126943 0.23038081991240864 0.37696212527710055 1.0 0.0 1 
0.6875 0.7555555555555555 0.7646311108170198 0.4048474583216253 0.6021254850277566 0.6679031636830848 0.0 0.0 0 
0.5965136054421769 0.6732142857142858 0.6834725655652747 0.3149084868258075 0.12615443378971702 0.19637221008604977 0.0 0.0 1 
0.34611678004535146 0.5470238095238095 0.5675350535116002 0.407629621805379 0.10811437956770234 0.1083754334545403 0.0 0.0 0 
0.127188659554731 0.38837836270871984 0.43008603737263895 0.5827667103310181 0.16225917524348116 0.3716776090131533 0.0 0.0 0 
0.14190140079814825 0.4506288294474453 0.46839689109809346 0.5060483827809428 0.26215622430299274 0.3170921234415961 1.0 0.0 0 
0.14619727355597376 0.3779028349266291 0.42889027741067914 0.5139031000846431 0.2764509777412672 0.27846148003505944 0.0 0.0 0 
0.13706842304560513 0.4225961886441032 0.48276289962837454 0.507047823681681 0.27208291893620934 0.11665611901308597 0.0 0.0 1 
0.19583333333333336 0.22029220779220776 0.18365474136549498 0.8445044725136459 0.36298190394564606 0.3568721984262309 1.0 0.0 0 
0.15000000000000002 0.3781818181818182 0.4313879099612804 0.758416044009016 0.3679933771074734 0.17173009731842903 0.0 0.0 0 
0.6 0.6 0.6 0.15620016109698887 0.5728341078901363 0.5916907042815633 0.0 0.0 1 
0.496733039713828 0.6093410969526168 0.594011524868303 0.6935874441934623 0.3095639708990112 0.3202876368212875 0.0 0.0 1 
0.13 0.4981818181818182 0.6064538521137571 0.06934404346569267 0.029637227192486296 0.0 1.0 0.0 0 
0.0 0.0 0.0 0.013066542112056823 0.003789028227528874 0.013726669067392708 1.0 0.0 1 
0.0 0.0 0.0 0.5130509618972308 0.1357782805260385 0.3259764587983161 1.0 0.0 0 
0.40066083229353533 0.544683847055232 0.5430063942783911 0.6908214267507835 0.4336970771657238 0.5300026569568519 1.0 0.0 1 
0.5075952818439624 0.6263099272714983 0.6433227917471214 0.4226552541190479 0.34410187607293824 0.4325060564868587 1.0 0.0 1 
0.35029987056119627 0.5643263244870865 0.5684735081264853 0.6602725505471505 0.46428384289166463 0.507141821076067 1.0 0.0 1 
0.3658283777366297 0.44096371753969404 0.40259362144193056 0.20895657416891478 0.020781985027541458 0.0040151752009851905 0.0 0.0 0 
0.14243197278911565 0.4995284477427334 0.5732437523972729 0.2643081761607018 0.10660337516975885 0.20673214105329787 0.0 0.0 0 
0.11472054730983303 0.20912777698491983 0.10143323564376558 0.30466926627186663 0.05468064325919012 0.0 0.0 0.0 1 
0.3177083333333333 0.43875915750915745 0.36185440997862556 0.709258973534556 0.2805271709552254 0.3542376852043286 0.0 0.0 0 
0.21938091444627644 0.5833748600760688 0.6661090778714407 0.6669284551437662 0.23710404253580616 0.3715213048121756 0.0 0.0 1 
0.5416666666666667 0.6296296296296295 0.6539414883656003 0.48011424686611126 0.6316232334267927 0.558839119782897 0.0 0.0 1 
0.38585348476356296 0.5499658519038768 0.5152691917226067 0.8249973493620623 0.44276650103661497 0.3775169223502275 1.0 0.0 0 
0.0 0.0 0.0 0.0 0.0 0.0 1.0 0.0 1 
0.1337962962962963 0.2534722222222222 0.17262460733454688 0.17402149801498334 0.08684641640559458 0.15403492487854226 1.0 0.0 1 
0.07578575452988373 0.3189766578791666 0.38151531125744687 0.4285303218323382 0.12924999911693014 0.27082841969408056 1.0 0.0 0 
0.0 0.0 0.0 0.0 0.0 0.0 0.0 0.0 0 
0.15357142857142855 0.4600389863547758 0.5457870975771311 0.43863777050223407 0.12773429263263017 0.22964850489688465 0.0 0.0 1 
0.0 0.0 0.0 0.0 0.0 0.0 0.0 0.0 0 
0.06944444444444445 0.3070175438596491 0.41666666666666663 0.3178209115619356 0.05698809780898711 0.27835732047730155 0.0 0.0 0 
0.048611111111111105 0.2149122807017544 0.29166666666666663 0.09489499957907732 0.00585052196346231 0.0 0.0 0.0 0 
0.15 0.3055555555555555 0.3594335921692375 0.5043631666919843 0.11443035703494958 0.06539341831981892 0.0 0.0 0 
0.4208333333333333 0.7523809523809524 0.7575338493364453 0.5559740343658548 0.20823921488078448 0.15475249701806396 0.0 0.0 0 
0.332913961038961 0.5555195433436533 0.5607318026173096 0.7728251871489522 0.40187794704726526 0.5862932719178195 0.0 0.0 1 
0.20365079365079364 0.5763365800865801 0.6692464901715264 0.6111752804159328 0.2039941797246838 0.4202138110699524 0.0 0.0 1 
0.2632688492063492 0.5860615079365079 0.7026967786157239 0.6574249449398658 0.24820226507395443 0.2345560393909919 0.0 0.0 0 
0.23901785714285712 0.4851785714285714 0.5097695298084848 0.5625851684112728 0.194719452396159 0.27002945782859383 1.0 0.0 0 
0.2439236111111111 0.5842948717948717 0.677582808023816 0.7651627101381014 0.28426693632627476 0.45531477142301124 1.0 0.0 1 
0.37456325654906775 0.5852577681583284 0.670345359129693 0.8226726107710371 0.4565607781686631 0.5112128834384189 1.0 0.0 1 
0.40680555555555553 0.7117053317053317 0.7307734011351994 0.6393945207655105 0.22380460572308783 0.5110249092884704 1.0 0.0 0 
0.0 0.0 0.0 0.17457124969894677 0.11553141916148216 0.3535456405406532 0.0 0.0 1 
0.0 0.0 0.0 0.20027862504837168 0.07152592946166472 0.30772617233100175 1.0 0.0 0 
0.20833333333333331 0.3125 0.17980129528236305 0.020458826541076114 0.0 0.0 1.0 0.0 1 
0.11 0.18333333333333332 0.10027685623667502 0.17155658496505 0.028771736040417387 0.28935865360638946 1.0 0.0 1 
0.16226676137198598 0.3697915824162914 0.4246188224818177 0.7096080715830146 0.34453014442298474 0.07954106444159623 1.0 0.0 0 
0.30290922384883734 0.515985887733551 0.5406883271846709 0.8360787320957965 0.2913266178125197 0.5140065497779461 1.0 0.0 1 
0.11513888888888889 0.28224358974358976 0.26887881599290475 0.6644989748668646 0.29609745139391136 0.054266642272179276 0.0 0.0 0 
0.10109126984126984 0.33253205128205127 0.42322052333493976 0.3860078689127716 0.04774378676131997 0.28933861489820223 1.0 0.0 1 
0.29070142188479353 0.5486477681997026 0.6010933580722861 0.6724132930424089 0.31004274367250134 0.6942349921475324 1.0 0.0 1 
0.09272997835497836 0.34846121057118495 0.42510818227340286 0.4716832629377049 0.04407896579651832 0.17568529803742117 1.0 0.0 0 
0.2999988178497236 0.645595859071016 0.7773719859210187 0.6480722798246918 0.20868744560052438 0.3565619322035993 1.0 0.0 0 
0.04375 0.07 0.0 0.7798014639835612 0.28225501425393695 0.3170720837926941 1.0 0.0 1 
0.25357690915774334 0.5388949844346156 0.6505934543163086 0.7217095880563298 0.1862438718562325 0.43045506341578565 1.0 0.0 1 
0.03799858141966829 0.06333096903278049 0.0346398026019788 0.5691830214021678 0.09708174429831695 0.3453041553948972 0.0 0.0 0 
0.0 0.0 0.0 0.6445714461667038 0.18399596093250487 0.39936035747877335 1.0 0.0 0 
0.0 0.0 0.0 0.0 0.0 0.0 1.0 0.0 1 
0.0 0.0 0.0 0.0 0.0 0.0 0.0 0.0 0 
0.0 0.0 0.0 0.0 0.0 0.0 0.0 0.0 1 
0.0 0.0 0.0 0.0 0.0 0.0 0.0 0.0 1 
0.0 0.0 0.0 0.0 0.0 0.0 0.0 0.0 0 
0.0 0.0 0.0 0.0 0.0 0.0 0.0 0.0 0 
0.32916666666666666 0.4510582010582011 0.4113860954163844 0.8315180674187926 0.5964425442082943 0.4659438132595087 1.0 0.0 1 
0.10300925925925926 0.3296380090497737 0.3789327723280721 0.5319599050766929 0.3732833796440486 0.23984984161135306 1.0 0.0 1 
0.46875 0.6838235294117647 0.75 0.6115898186661546 0.4215805828696798 0.6135662465455343 0.0 0.0 0 
0.07376256420621838 0.11802010272994941 0.05379402215676707 0.6195719616470589 0.4477260921585096 0.2864579767569067 1.0 0.0 0 
0.3104923980707988 0.42338078443054006 0.45634512308425224 0.5762307208913751 0.31480680356014074 0.46636290999568597 1.0 0.0 1 
0.37756991805652396 0.5907660985809741 0.6620375542142285 0.8249915713902877 0.48832873593986553 0.5753986714712911 1.0 0.0 1 
0.07342914438502673 0.3044537815126051 0.32359934420189085 0.23064563747574907 0.03961700157982089 0.08734539714113942 0.0 0.0 0 
0.4486034798534798 0.6739583333333333 0.7369143061387367 0.5554700207468709 0.13148192824844018 0.4092140947297989 0.0 0.0 1 
0.08323529411764706 0.2951301330248699 0.34091205885356807 0.3582479092846993 0.05827905529474974 0.16276425730741975 1.0 0.0 0 
0.3007440476190476 0.525187969924812 0.5785379079318136 0.8452791726083297 0.5583737865292733 0.6270653863231992 1.0 0.0 0 
0.17670361414265706 0.46993473892043447 0.5225212008074661 0.43963485368615707 0.1479403919410534 0.3164878935792218 0.0 0.0 0 
0.05207717702841138 0.08679529504735228 0.04747395994627166 0.22165007245723933 0.050802469171853375 0.0 1.0 0.0 1 
0.03571428571428571 0.0625 0.03338284815613066 0.46611440386809067 0.1064568078882809 0.0 1.0 0.0 0 
0.2583333333333333 0.5004699248120301 0.5396811719439052 0.7659554660785366 0.4431535550484957 0.6742861258057512 1.0 0.0 0 
0.1724702380952381 0.4372767857142857 0.4608527027228958 0.648429106039492 0.28739920196724833 0.4818872494328044 1.0 0.0 1 
0.0 0.0 0.0 0.0 0.0 0.0 1.0 0.0 1 
0.4922253539486299 0.672320976134344 0.6474520240018679 0.9303815361532519 0.6967440134852609 0.7167485054895868 1.0 0.0 1 
0.0 0.0 0.0 0.0 0.0 0.0 0.0 0.0 0 
0.08854166666666666 0.3666666666666667 0.3757147880569198 0.14264109328126384 0.15409886369234926 0.0 1.0 0.0 0 
0.075 0.2666666666666667 0.279233686133297 0.08602796555888048 0.026217517053047316 0.0 0.0 0.0 0 
0.625 0.625 0.625 0.1573042699350733 0.14255790562190168 0.2890527737880625 0.0 0.0 1 
0.27231878150115596 0.45677923305561174 0.4932681460325198 0.8532959971727739 0.5628213837054798 0.5790178358582901 0.0 0.0 0 
0.28075997035284583 0.45384045412373186 0.4028426029181306 0.8577201640649023 0.5061202247831114 0.18552265961075154 1.0 0.0 0 
0.2975 0.49993098688750864 0.523558623588919 0.3267944914023113 0.08104329746537106 0.10361987587826056 0.0 0.0 0 
0.2986869555335975 0.5794506797864896 0.6332923515094226 0.4162011235015348 0.11524822931006991 0.2475106557513204 1.0 0.0 0 
0.13441043083900225 0.36352536352536347 0.3914868651910236 0.3343652723921984 0.18707293619657156 0.06335026974329308 1.0 0.0 1 
0.2386111111111111 0.5900529100529099 0.6657370079330373 0.378945950712131 0.05864732269572743 0.23927309075184097 1.0 0.0 1 
0.36777682246376076 0.6116236469725893 0.6164982844014386 0.8793758440476322 0.4910441221836386 0.4993210519499804 1.0 0.0 0 
0.32892857142857146 0.5282756132756132 0.4991412747084537 0.8400018665183726 0.6488716702519987 0.5630163597301824 1.0 0.0 0 
0.28125 0.4049719887955182 0.3461838278771409 0.7431220611119087 0.5558040126078962 0.36341525822951976 1.0 0.0 0 
0.3298611111111111 0.4375 0.37906007506819506 0.6940079173643138 0.2954003254718113 0.39399830720357965 1.0 0.0 0 
0.05 0.08333333333333333 0.04558038919848865 0.6014552404646387 0.12013471832781339 0.0850793282829083 1.0 0.0 1 
0.0 0.0 0.0 0.4512231525585495 0.15126841881216624 0.0 0.0 0.0 0 
0.04490740740740741 0.21233230134158926 0.23018823091883497 0.25935669900688985 0.16532549751537917 0.30494380439335045 0.0 0.0 1 
0.23394048796246797 0.5035189603876934 0.45044872554103527 0.484910724503527 0.4747429662049176 0.46543164327753905 0.0 0.0 0 
0.08851691949811925 0.2827249185286512 0.3096076235539796 0.7332758349021185 0.38571074826479623 0.4463440440486275 1.0 0.0 0 
0.26570514724614575 0.5179801275967127 0.5842839989623125 0.7065202532470821 0.32192085428781547 0.38322627013559657 1.0 0.0 1 
0.14560930141287284 0.3124450737232692 0.32912249992677767 0.6106695540174468 0.14949548522726752 0.2433167151027622 1.0 0.0 0 
0.6160984848484848 0.7290171451355663 0.7131124485813247 0.8925574683387592 0.6326085983170976 0.6310217609947834 1.0 0.0 1 
0.24263392857142857 0.4705234067311135 0.5224683379041315 0.5916252938820038 0.26255974199682963 0.4056896798358858 0.0 0.0 0 
0.30267857142857146 0.5409222211611917 0.5293868908218192 0.6498650575801871 0.3380102719847003 0.35757752131179477 1.0 0.0 0 
0.0 0.0 0.0 0.0 0.0 0.0 0.0 0.0 1 
0.0 0.0 0.0 0.2540930365689742 0.037526610053205754 0.0 0.0 0.0 1 
0.0 0.0 0.0 0.0 0.0 0.0 0.0 0.0 0 
0.0 0.0 0.0 0.3692695826883454 0.11664463412081559 0.11184713023467202 0.0 0.0 0 
0.3241071428571428 0.5087567987567987 0.49484105416308 0.6925214246078355 0.6231902174461694 0.33151743575749815 1.0 0.0 0 
0.10178571428571428 0.24615384615384614 0.25062509922602605 0.33470673323922495 0.12278804136477894 0.0 1.0 0.0 1 
0.13095238095238093 0.3417956656346749 0.3992476485097794 0.6948319435392181 0.27476104749504837 0.1943681836303018 1.0 0.0 1 
0.056878306878306875 0.26904761904761904 0.3701527293565866 0.44314970512455654 0.173486694757917 0.042372203173319 0.0 0.0 0 
