0.0 0.0 0.0 0.0 0.0 0.0 0.0 0.0 0 
0.0 0.0 0.0 0.0 0.0 0.0 0.0 0.0 0 
0.0 0.0 0.0 0.0 0.0 0.0 0.0 0.0 0 
0.0 0.0 0.0 0.0 0.0 0.0 0.0 0.0 0 
0.0 0.0 0.0 0.0 0.0 0.0 0.0 0.0 0 
0.0 0.0 0.0 0.5820834965234181 0.25115923192279627 0.39237134704433957 0.0 0.0 1 
0.0 0.0 0.0 0.0 0.0 0.0 0.0 0.0 0 
0.0 0.0 0.0 0.0 0.0 0.0 1.0 0.0 0 
0.0 0.0 0.0 0.5138198332923574 0.06199745019708721 0.21307530826073645 0.0 0.0 0 
0.0 0.0 0.0 0.5532897757695585 0.0659637921373903 0.1922041674126312 0.0 0.0 0 
0.1111111111111111 0.4444444444444444 0.5648652402581358 0.2244544237872519 0.08155198483779048 0.2585691235120495 1.0 0.0 1 
0.11155456974025282 0.4701603391349425 0.6334817396832801 0.15283227696621493 0.036356079116312424 0.039276249081297836 0.0 0.0 1 
0.0 0.0 0.0 0.2228135617343795 0.017033978950717718 0.0 1.0 0.0 0 
0.22518423039277913 0.602167605461051 0.714806925634746 0.406639370979315 0.10246092286217014 0.3993472957477109 1.0 0.0 1 
0.0 0.0 0.0 0.007163981143638587 0.0 0.0 0.0 0.0 0 
0.16666666666666666 0.5333333333333333 0.6666666666666666 0.43686056651408856 0.11892758894028209 0.4779184294498172 1.0 0.0 0 
0.0 0.0 0.0 0.0 0.0 0.0 0.0 0.0 0 
1.0 1.0 1.0 1.0 1.0 1.0 0.0 0.0 1 
0.0 0.0 0.0 0.0 0.0 0.0 0.0 0.0 0 
0.13333333333333333 0.4761904761904762 0.6666666666666666 0.19293360833113593 0.0 0.0 0.0 0.0 0 
0.0 0.0 0.0 0.0 0.0 0.0 0.0 0.0 1 
0.0 0.0 0.0 0.0 0.0 0.0 0.0 0.0 0 
0.30952380952380953 0.42857142857142855 0.39608410317711157 0.4741819254851112 0.18413218132409506 0.38468516632214983 1.0 0.0 0 
0.5 0.6666666666666666 0.0 0.5571616191513159 0.394540104944588 0.47117856850272616 1.0 0.0 1 
0.0 0.0 0.0 0.45338729979647907 0.11652933776407627 0.049908058483135356 1.0 0.0 1 
0.20535714285714285 0.5778409090909091 0.708306480848154 0.4771288753783811 0.14499144880355053 0.3022731403956957 1.0 0.0 0 
0.0 0.0 0.0 0.2805016509987124 0.05398296038283308 0.12826109807203598 1.0 0.0 0 
0.0 0.0 0.0 0.5503734519044234 0.02866916544708951 0.09691967052948623 1.0 0.0 0 
0.3265693809048301 0.5511671415550181 0.6213809246181697 0.8636597154275327 0.25094403365883466 0.34224251173354775 0.0 0.0 0 
0.6882216560181357 0.7775102897406413 0.8134132848435209 0.4512132496633966 0.673794006099104 0.7467531696176933 1.0 0.0 1 
0.6022628321550214 0.7165429007128784 0.708292748482478 0.7644734817410079 0.5887228461861224 0.5506141781667826 1.0 0.0 1 
0.13333333333333333 0.4444444444444444 0.5836458249025999 0.13402167436713652 0.02021268702952267 0.11990489127853847 1.0 0.0 0 
0.41666666666666663 0.41666666666666663 0.41666666666666663 0.7682926499526657 0.6681258094102696 0.6703142354766508 1.0 0.0 0 
0.07500000000000001 0.23076923076923078 0.18087154261266608 0.12402044236513254 0.06536764485753396 0.13792075796190234 1.0 0.0 0 
0.06041666666666666 0.11177884615384616 0.04840389085317838 0.29352417335343517 0.14232575850883095 0.35099700975538717 0.0 0.0 0 
0.3403469215969216 0.5387426900584795 0.48631960800723484 0.8046832747123689 0.3651499092190749 0.34886783109640607 1.0 0.0 0 
0.39513888888888893 0.7163220551378446 0.8178954131830831 0.6731534359236118 0.44655526582956934 0.37943852142020945 1.0 0.0 1 
0.0 0.0 0.0 0.7132618878129098 0.21084004489109998 0.4863242690059891 1.0 0.0 0 
0.0 0.0 0.0 0.0 0.0 0.0 0.0 0.0 0 
0.0 0.0 0.0 0.0 0.0 0.0 0.0 0.0 0 
0.09437321937321937 0.3233426704014939 0.36937296889492416 0.4314191831969594 0.1929203947850308 0.3190023366270246 0.0 0.0 1 
0.06944444444444445 0.2222222222222222 0.1730328039818704 0.2026768989509935 0.11184697492720362 0.25767020518154093 0.0 0.0 1 
0.0 0.0 0.0 0.4976175004512764 0.19536695719318978 0.21512812873999598 0.0 0.0 1 
0.09090909090909091 0.2857142857142857 0.2411620568168881 0.0589244457785989 0.0 0.0 0.0 0.0 0 
0.08181818181818182 0.25274725274725274 0.20096838068074008 0.0682659293083816 0.04765996255404401 0.06811116531442377 0.0 0.0 0 
0.35185185185185186 0.40476190476190477 0.40697212537983984 0.47343228612982524 0.6606251901213349 0.5685812543908944 1.0 0.0 0 
0.0 0.0 0.0 0.033229781243132694 0.006205431469192324 0.0 0.0 0.0 0 
0.25332387613112195 0.3274385947520376 0.361645387961691 0.649953745155719 0.5894099302541101 0.7335538851703587 0.0 0.0 1 
0.0 0.0 0.0 0.04615928091689714 0.06825002466131722 0.0 0.0 0.0 1 
0.0 0.0 0.0 0.3246296203105179 0.13813971716985501 0.13944273053249145 0.0 0.0 0 
0.0 0.0 0.0 0.6119048967992043 0.1313385138671985 0.18422559628522486 0.0 0.0 0 
0.0 0.0 0.0 0.36826876236594375 0.12237716068045437 0.0 0.0 0.0 0 
0.304669536029499 0.5379799289777194 0.49292573337032114 0.550835035976098 0.43346680025043566 0.6498884304042105 0.0 0.0 1 
0.0 0.0 0.0 0.11002411065807749 0.03169689134225249 0.0 0.0 0.0 0 
0.15496031746031746 0.40142450142450137 0.3833739365069758 0.3850010799825999 0.11561226860421818 0.4703710440235128 0.0 0.0 0 
0.06913265306122449 0.21028257456828886 0.19810864596228728 0.4099770362565085 0.1490619755021735 0.2706454851641501 1.0 0.0 0 
0.09027777777777778 0.2909090909090909 0.24015663642355167 0.19453810348865963 0.06522379162253672 0.26079521166071196 1.0 0.0 1 
0.43452380952380953 0.5864102564102563 0.6008952054402305 0.7817929886481894 0.5725547982756912 0.7404779646827031 1.0 0.0 1 
0.281035631035631 0.3548861852433281 0.30222065554674415 0.5319641167458604 0.21500655072886005 0.36788218637048703 1.0 0.0 1 
0.1375 0.4745879120879121 0.6059546524584332 0.28299276050623634 0.14812113167319718 0.40611117037657385 0.0 0.0 0 
0.16493055555555552 0.4186163101604278 0.38409130622514753 0.3108451518062342 0.09342066178690851 0.15328010830539796 0.0 0.0 1 
0.06249999999999999 0.22738095238095238 0.2042249520614543 0.28886626444604846 0.14206225258778388 0.2915677249998785 0.0 0.0 0 
0.19756944444444446 0.4278011204481793 0.38480682709712494 0.6388972211398396 0.14099887736556016 0.1998293054698815 0.0 0.0 0 
0.14423076923076922 0.2589285714285714 0.12383035930750635 0.6812758506449426 0.23058345040935666 0.36091655684417256 0.0 0.0 1 
0.3354910714285714 0.5605192348678601 0.5450119738713581 0.5102750047328082 0.11127417256386568 0.14028259272875743 0.0 0.0 0 
0.041666666666666664 0.1388888888888889 0.11395097299622162 0.342894585438858 0.07821947831286984 0.09314534958496085 1.0 0.0 0 
0.171875 0.38749999999999996 0.3320696524527755 0.5614247330191798 0.12576737075602218 0.2764265061342865 1.0 0.0 1 
0.0 0.0 0.0 0.2976552235645684 0.06061296402047983 0.0 0.0 0.0 0 
0.22916666666666666 0.4807692307692308 0.36475741236541004 0.2801622812850082 0.10769455100209452 0.1892235875310345 1.0 0.0 1 
0.3125 0.5648148148148148 0.5101940679404522 0.3911190221037628 0.15879818015730543 0.29998710230846254 1.0 0.0 1 
0.1388888888888889 0.28703703703703703 0.15775685120180977 0.12360862944336004 0.023712799911516393 0.1548265466754596 0.0 0.0 0 
0.0 0.0 0.0 0.0 0.0 0.0 0.0 0.0 1 
0.037037037037037035 0.1111111111111111 0.10847413347820933 0.505506082317199 0.2472666620589119 0.19502226303434725 0.0 0.0 1 
0.0 0.0 0.0 0.0 0.0 0.0 0.0 0.0 0 
0.0 0.0 0.0 0.0 0.0 0.0 0.0 0.0 0 
0.11392195767195767 0.21736111111111112 0.09561537355398972 0.5426784124629701 0.2777934593348535 0.18065961822817686 1.0 0.0 0 
0.3368055555555556 0.40476190476190477 0.4011471450266104 0.8549616726063969 0.6128130422225871 0.711407420672306 1.0 0.0 1 
0.23809523809523808 0.23809523809523808 0.23809523809523808 0.8120311087458547 0.5620967587987873 0.5808948396585455 0.0 0.0 0 
0.05809369202226345 0.21451465201465203 0.21974320185098184 0.7341550316782232 0.2579817022684051 0.2761137416026608 0.0 0.0 1 
0.0 0.0 0.0 0.6747866468741074 0.3364595450191492 0.4246115811482885 0.0 0.0 0 
0.2450396825396825 0.5862601450836744 0.6276584981750255 0.6273352172214208 0.20720419375230678 0.18659596152765556 1.0 0.0 0 
0.23214285714285712 0.5168482311339454 0.5188731873884298 0.7152771626857976 0.2921066032207575 0.3745143931681784 1.0 0.0 0 
0.11309523809523808 0.27908549783549785 0.2235735476987489 0.4242668958528434 0.1767866231479373 0.4353274641085998 1.0 0.0 0 
0.30699243568705953 0.5967368328759015 0.6838196493463794 0.7319930217731718 0.3705024236461212 0.48516334509159653 1.0 0.0 1 
0.2013888888888889 0.398951048951049 0.3366433975699932 0.21047603752287314 0.08008671738619977 0.0 0.0 0.0 0 
0.265 0.5496530920060332 0.5092545059580353 0.24849110253410744 0.08608627183564853 0.05037512749208819 1.0 0.0 1 
0.2295995348537088 0.5472751286236163 0.6205192359799026 0.6049322253077092 0.27766912477148165 0.41006392562000166 1.0 0.0 0 
0.40401420707346164 0.619659427814659 0.6928726408491749 0.32010534590003115 0.46551752191210893 0.2722654238879642 1.0 0.0 1 
0.0 0.0 0.0 0.0 0.0 0.0 0.0 0.0 1 
0.0 0.0 0.0 0.0 0.0 0.0 0.0 0.0 1 
0.0 0.0 0.0 0.0 0.0 0.0 0.0 0.0 1 
0.06944444444444445 0.11904761904761904 0.0 0.22888089093275998 0.03878884752614836 0.0 0.0 0.0 0 
0.15000000000000002 0.25 0.13674116759546595 0.20172605634739937 0.03855316475437234 0.01988676841041095 0.0 0.0 1 
0.3333333333333333 0.5333333333333333 0.46209812037329684 0.4954278558625155 0.1736700372575392 0.4340133080793026 1.0 0.0 0 
0.1130952380952381 0.18877551020408162 0.09767226256818996 0.36583824867501 0.10445579884823329 0.0 0.0 0.0 0 
0.11765873015873017 0.4373949579831933 0.5783215435907942 0.47219072523758543 0.23886770114804573 0.16498935355101263 1.0 0.0 0 
0.4460437380080237 0.5517857142857143 0.5636444175661852 0.8799053916008885 0.5983151999960209 0.48893224611564867 1.0 0.0 1 
0.4737654320987654 0.6364283864283864 0.6570376985102482 0.4850399569903623 0.25640768139026443 0.30144984312722806 1.0 0.0 1 
0.09512786596119929 0.2630591630591631 0.2861186409221778 0.7902708466632082 0.36700526647961973 0.29502738703861564 1.0 0.0 0 
0.4555555555555555 0.5 0.38712553575646486 0.7553939816213824 0.537368694681239 0.4204070371645554 0.0 0.0 0 
0.396875 0.5626923076923076 0.6006831385135205 0.6732354314662485 0.33113059928975075 0.3630345721281037 0.0 0.0 1 
0.11631944444444443 0.32158119658119655 0.31588577290946623 0.7973548488787514 0.45848823748499046 0.36376692522937476 1.0 0.0 0 
0.5625 0.5625 0.5625 0.229631256576029 0.07620402280310536 0.12656641643338118 1.0 0.0 0 
0.1319642857142857 0.3923134157509157 0.4658186899643215 0.5634430646984859 0.21774001938495025 0.27838739181195055 1.0 0.0 1 
0.08571428571428572 0.15 0.08011883557471358 0.1619741556216936 0.03826569354988067 0.11786974110368933 0.0 0.0 0 
0.68125 0.7916666666666666 0.8210769897392307 0.7118244824954654 0.6823590780163015 0.7800443933326096 0.0 0.0 1 
0.03214285714285714 0.05625 0.03004456334051759 0.3182081391837843 0.09946075813622866 0.17277310826661496 0.0 0.0 0 
0.08862794612794614 0.2753276353276353 0.2598365947555452 0.41292968421611764 0.14788854907972268 0.3057739734111869 0.0 0.0 1 
0.0 0.0 0.0 0.0 0.0 0.0 0.0 0.0 0 
0.0 0.0 0.0 0.0 0.0 0.0 0.0 0.0 0 
0.4256944444444444 0.6257427757427757 0.6191069832202452 0.8680293168549869 0.3776540930486387 0.5105716718340898 1.0 0.0 0 
0.3726851851851852 0.46234567901234563 0.40821960373018573 0.586112855738278 0.2914569648140765 0.3683531737662724 1.0 0.0 1 
0.0 0.0 0.0 0.4419952558117516 0.13330909794699952 0.24908893078929842 1.0 0.0 1 
0.0 0.0 0.0 0.24144589930866966 0.03969397119181236 0.0 0.0 0.0 0 
0.0 0.0 0.0 0.32994046101338603 0.11912969500887886 0.10898712223628637 0.0 0.0 0 
0.0 0.0 0.0 0.40466326959298327 0.08252969862296086 0.19649355634391133 1.0 0.0 1 
0.0 0.0 0.0 0.10909275020677822 0.0 0.3776444393204788 1.0 0.0 1 
0.0 0.0 0.0 0.3956921725335385 0.2451188498808674 0.3941818094310762 0.0 0.0 0 
0.0 0.0 0.0 0.24275767112780544 0.04038524349531068 0.3396286631541003 0.0 0.0 0 
0.0 0.0 0.0 0.013277091857991419 0.008030916202377447 0.09659262623924501 0.0 0.0 0 
0.19722222222222224 0.5538720538720538 0.6196276035085712 0.42123776112178857 0.06566081183209921 0.29978284735645777 1.0 0.0 0 
0.36458333333333337 0.5318627450980392 0.5833333333333333 0.21343971956605134 0.036167318116112644 0.15887095942285684 0.0 0.0 1 
0.044444444444444446 0.14814814814814814 0.12154770452930307 0.498640968029307 0.15213551070969006 0.13221935777939792 1.0 0.0 1 
0.0 0.0 0.0 0.38671907176767983 0.1332155704841928 0.0708679988340219 0.0 0.0 1 
0.11761363636363636 0.3516233766233766 0.3458613376406429 0.07792029681581236 0.0 0.0 0.0 0.0 1 
0.0798611111111111 0.23484848484848486 0.19178804830118726 0.060852565771556955 0.07229339688856784 0.0 0.0 0.0 0 
0.2722763347763348 0.4024334251606979 0.3933190572573115 0.6511499029034011 0.24408097190616262 0.4527813320822159 0.0 0.0 0 
0.11571067821067821 0.3071953299226026 0.22611422019715663 0.3343326931631396 0.11989839850026401 0.3722008509223193 1.0 0.0 0 
0.3579545454545454 0.6659622195985833 0.7061887963205266 0.6215417306434224 0.2609956898215265 0.4034244104603746 1.0 0.0 1 
0.0798611111111111 0.27564102564102566 0.24086431315801377 0.21605315247677326 0.06990902772311507 0.06799394835458925 0.0 0.0 0 
0.3167832167832168 0.47198412698412695 0.47496070515288114 0.9550958816792092 0.7660266865908245 0.5879970140037396 1.0 0.0 0 
0.5187301587301587 0.7595588235294117 0.8128111424692919 0.8772008841521715 0.3442972638313235 0.39354013706689434 0.0 0.0 0 
0.0 0.0 0.0 0.0 0.0 0.0 0.0 0.0 1 
0.0 0.0 0.0 0.0 0.0 0.0 1.0 0.0 0 
0.0 0.0 0.0 0.0 0.0 0.0 1.0 0.0 0 
0.0 0.0 0.0 0.28810305190941776 0.04948843270608816 0.39084990661842756 0.0 0.0 0 
0.6666666666666666 0.6666666666666666 0.6666666666666666 0.6409841899799102 0.34362271824839297 0.5404888408919379 0.0 0.0 0 
0.03645833333333333 0.06481481481481481 0.0 0.4031778158732022 0.1787337178624458 0.2132186444343304 0.0 0.0 0 
0.44791666666666663 0.4722222222222222 0.4430067955811232 0.619862991849422 0.5435505843313924 0.6227270591494031 0.0 0.0 1 
0.31999999999999995 0.3555555555555555 0.3152857484783879 0.3488206734247703 0.09051975201389231 0.1631255708758598 0.0 0.0 1 
0.14583333333333331 0.3555555555555555 0.3405268922444457 0.6684044838847267 0.4621819766338731 0.24424220266253943 1.0 0.0 0 
0.234375 0.25462962962962965 0.20833333333333331 0.36152384047796216 0.058382426421773374 0.17883740141434865 1.0 0.0 1 
0.10500000000000001 0.1803030303030303 0.09426652682425454 0.5709431565422022 0.2820795334803336 0.09065494102100935 1.0 0.0 0 
0.11076719576719576 0.29512820512820515 0.29445446406266756 0.32966226121426345 0.13091133027032253 0.2239481579264948 0.0 0.0 0 
0.19362599206349207 0.3696085858585858 0.2576987028850177 0.7040916455771344 0.1892627906162613 0.3760984161298062 0.0 0.0 1 
0.32232142857142854 0.5250992063492064 0.6155245300933242 0.12921279246501038 0.26059420703931213 0.4664058638730933 0.0 0.0 0 
0.6666666666666666 0.6666666666666666 0.6666666666666666 0.0 0.0 0.0 0.0 0.0 1 
0.28958333333333336 0.3910256410256411 0.36866955742522817 0.06639752062171533 0.1495184384248682 0.28824925522734995 0.0 0.0 1 
0.5454545454545454 0.5454545454545454 0.5454545454545454 0.0 0.0 0.0 1.0 0.0 0 
0.27301136363636364 0.5591618942554771 0.5381691758135524 0.7934893840047836 0.34638096917242545 0.49201895906053433 1.0 0.0 0 
0.21909722222222222 0.5381628787878787 0.6061164645089108 0.5303455302740477 0.1678080002387547 0.392024464586505 1.0 0.0 0 
0.5910714285714286 0.7851010101010101 0.8678721031738823 0.9339558657163277 0.5609084208316656 0.6846050038840914 0.0 0.0 0 
0.12683163634590483 0.40287401116667204 0.4739190831207193 0.31546701209568573 0.12110221509002363 0.30086820200412623 1.0 0.0 0 
0.12037037037037038 0.44998635981608115 0.5558253059803302 0.1599273338935291 0.01817189242887904 0.36609862512929653 1.0 0.0 1 
0.3415935048682378 0.5518640786523656 0.6076743664239074 0.3061071477538748 0.04719639479326997 0.4478754532498242 0.0 0.0 0 
0.0 0.0 0.0 0.2156213770690215 0.0 0.17784433808848768 0.0 0.0 1 
0.0 0.0 0.0 0.3935562545755882 0.058050141643804606 0.32889716932771756 0.0 0.0 0 
0.5 0.5 0.5 0.2878617751160164 0.27987787358232796 0.5789850292260255 0.0 0.0 1 
0.05357142857142857 0.15000000000000002 0.13375310397702467 0.2608980870293147 0.00505260372296415 0.3792711092163053 0.0 0.0 0 
0.19940476190476192 0.5651960784313725 0.6925556301183936 0.2921564733382749 0.0697649669890415 0.38628794599993693 0.0 0.0 1 
0.0 0.0 0.0 0.19698685369316626 0.0 0.22738878018081143 0.0 0.0 1 
0.125 0.5 0.7083462066306385 0.4637411375860788 0.13757864452712443 0.5475796962350817 0.0 0.0 1 
0.10327380952380952 0.3481781376518218 0.43893055005396875 0.2250344518264471 0.03474267803166204 0.40913660799378376 0.0 0.0 0 
0.16708333333333333 0.5008552631578946 0.5469804659046275 0.35495723034304083 0.08231284049961927 0.18197314987908694 0.0 0.0 0 
0.20416666666666664 0.54968720821662 0.5597297860387204 0.3827237089641442 0.14151127142292663 0.2541587981803194 0.0 0.0 1 
0.09571428571428571 0.38285714285714284 0.4495355319980885 0.06552017938246202 0.04916004711361355 0.019630949489514993 1.0 0.0 1 
0.09682539682539681 0.3857142857142857 0.4600715835638711 0.06713143124072563 0.1296440654389644 0.10568988078189588 0.0 0.0 0 
0.7916666666666667 0.9038461538461539 0.9232867951399863 0.11440293501106247 0.21098250752113135 0.5919909989470183 0.0 0.0 1 
0.3968253968253968 0.5357142857142857 0.5674700703678903 0.5785166208785132 0.3412036323825258 0.2266965289534585 1.0 0.0 0 
0.10069444444444443 0.3860919266492022 0.44036318943975716 0.5581728339518669 0.33631729433607976 0.23710108554037812 0.0 0.0 0 
0.07023809523809524 0.13124999999999998 0.06453852113757118 0.0 0.03522622969495389 0.0 0.0 0.0 1 
0.08476307189542484 0.38748423345946564 0.4428878154889775 0.12092761999929025 0.06950058152532479 0.0 0.0 0.0 0 
0.0 0.0 0.0 0.0 0.0 0.0 1.0 0.0 0 
0.0 0.0 0.0 0.0 0.0 0.008878865192858463 1.0 0.0 1 
0.0 0.0 0.0 0.0 0.0 0.0 0.0 0.0 0 
1.0 1.0 1.0 1.0 0.9999999999999999 0.9999999999999998 0.0 0.0 1 
0.0 0.0 0.0 0.1913970495537951 0.18555974158540045 0.5239887941066674 0.0 0.0 1 
0.0 0.0 0.0 0.26977505572306837 0.1382043861129794 0.23938440240501757 0.0 0.0 1 
0.0 0.0 0.0 0.1913970495537951 0.18555974158540045 0.5239887941066674 0.0 0.0 0 
0.25 0.6944444444444444 0.8078829767312006 0.02547478393147018 0.06953078932639337 0.352837288487203 0.0 0.0 1 
0.0 0.0 0.0 0.0 0.0018422658821930075 0.0 0.0 0.0 1 
0.05765993265993266 0.20515873015873015 0.18470492315470716 0.31931313419743934 0.2104733553720215 0.2676149797451326 1.0 0.0 0 
0.0 0.0 0.0 0.2825386120623412 0.16097458296239944 0.12246269859448171 1.0 0.0 0 
0.16238425925925926 0.4204365079365079 0.3940550698409817 0.3192195889238929 0.12502237621655016 0.3550093665853834 1.0 0.0 1 
0.6 0.6 0.6 0.34899226491609436 0.18314170630390986 0.19760169243741496 1.0 0.0 0 
0.47678571428571426 0.6675 0.7213166325748872 0.5806477849198535 0.2606111222852926 0.3710916044851623 1.0 0.0 1 
0.23700396825396824 0.43974264705882354 0.5163895395083523 0.551513498061478 0.1747277459784199 0.46628219628428186 1.0 0.0 1 
0.30902777777777773 0.6990740740740741 0.7966346489946186 0.4725790639899279 0.22146737502942332 0.5599107781046971 0.0 0.0 0 
0.08257575757575758 0.3345184227537169 0.33857596976869253 0.3077347525288052 0.09709846081400542 0.47536178122452416 0.0 0.0 0 
0.08257575757575758 0.31634374397532294 0.3026370272956437 0.2540420185029044 0.07429570083440232 0.334955502125878 0.0 0.0 0 
0.19659090909090907 0.63262001156738 0.7646627164925053 0.2479323371012725 0.227639521520768 0.5617500444324364 0.0 0.0 1 
0.0 0.0 0.0 0.17810057645179977 0.11414342021636376 0.20098170329275095 0.0 0.0 1 
0.1865906084656085 0.3106325863678805 0.33059795523981267 0.782592489092693 0.2821843156000216 0.38240167937004327 0.0 0.0 1 
0.07 0.11666666666666667 0.06381254487788411 0.2403140236515683 0.08730050661418333 0.3169004091563285 0.0 0.0 0 
0.0 0.0 0.0 0.17287163623760116 0.05750949426858551 0.10073714874244591 0.0 0.0 1 
0.0 0.0 0.0 0.09942765207391524 0.07643579860647512 0.014291282724974081 0.0 0.0 1 
0.08227564102564103 0.22556776556776556 0.13817172020412383 0.4781187485076446 0.1834847847871439 0.2748297961558856 0.0 0.0 0 
0.041666666666666664 0.1607142857142857 0.16568728210463968 0.163574807588437 0.09441631401311304 0.13758963179510844 1.0 0.0 0 
0.4375 0.5416666666666666 0.4828807771694178 0.9313639681863735 0.7063772513852183 0.6789026198615422 1.0 0.0 1 
0.05092592592592593 0.22089947089947093 0.2678684562099017 0.1819040993246669 0.03723059719547102 0.0 0.0 0.0 0 
0.37777777777777777 0.4305555555555556 0.43026256748380676 0.77331811746511 0.4861061135433764 0.5811109312251267 1.0 0.0 0 
0.2550925925925926 0.5277777777777778 0.482298597671809 0.7321455435844455 0.21153793740398635 0.0 1.0 0.0 1 
0.125 0.2857142857142857 0.20273255405408222 0.6471448931894154 0.14328962345025265 0.0193096781567683 1.0 0.0 0 
0.5833333333333334 0.6428571428571428 0.5 0.3865678388883138 0.8666494532772665 0.7034262903630012 1.0 0.0 1 
0.17054944777912734 0.47621119831400893 0.5546665908291292 0.5787066225455959 0.139473711191557 0.1124858889720683 1.0 0.0 1 
0.14762705671763304 0.38061287576286634 0.36991201853900463 0.1860824605444128 0.06847707806921466 0.07128331619450698 0.0 0.0 0 
0.10499763569944714 0.15749645354917072 0.09061781232166216 0.636185903319227 0.2438641497773346 0.39957982179373586 1.0 0.0 0 
0.20453152169966424 0.44078534078582865 0.4902432964093885 0.6752470160095798 0.3122964753388221 0.2047697187018672 1.0 0.0 1 
0.41666666666666663 0.41666666666666663 0.28881132523331055 0.5186873107412491 0.2163524802346377 0.14624638288512876 1.0 0.0 0 
0.0 0.0 0.0 0.0 0.0 0.0 1.0 0.0 1 
0.48390151515151514 0.6170634920634921 0.5340282704661321 0.9053417746786104 0.6671453326593207 0.5047087503721382 1.0 0.0 1 
0.0 0.0 0.0 0.0 0.0 0.0 0.0 0.0 0 
0.3457237910605591 0.5394158326382026 0.5595835882446529 0.7940958388085317 0.45132240317338645 0.41779962832284456 0.0 0.0 0 
0.2766666666666666 0.43817663817663816 0.4867253648334011 0.5071307612521512 0.2891135073731001 0.4595785693872547 0.0 0.0 1 
0.07056067470719234 0.25712117971124243 0.31033271218471403 0.3642746364188887 0.12769482969635326 0.3257397280686161 1.0 0.0 0 
0.20357180452935614 0.6128745826797355 0.7594840035087088 0.6750718464606902 0.21318914542253656 0.41262801212250994 1.0 0.0 1 
0.14583333333333331 0.2692307692307693 0.29166666666666663 0.406423296229639 0.13335076244417166 0.17691560576560922 0.0 0.0 0 
0.7041666666666667 0.7828787878787878 0.7836189768669553 0.9786530863648571 0.7194352283548664 0.7304490269173036 1.0 0.0 1 
0.6327380952380952 0.838421052631579 0.8981765871946712 0.8983866874208211 0.6993132439061598 0.7905708471541074 1.0 0.0 1 
0.626547619047619 0.8110714285714287 0.8929801295282362 0.8938217896187386 0.6056088965396834 0.7555600815936184 1.0 0.0 1 
0.29543650793650794 0.59202970661949 0.6889218987707537 0.6708811636429001 0.36099642280314104 0.48988476949579557 1.0 0.0 0 
0.33472222222222225 0.6009302770815929 0.6861399947577429 0.6682450341613289 0.30283319248061435 0.5640334987405301 0.0 0.0 0 
0.12542162698412695 0.4064440103526791 0.4622424125950399 0.545568943611093 0.14103962867722905 0.29246215651999946 1.0 0.0 0 
0.10359432234432234 0.36425622880731234 0.42625707631195664 0.48353766633690376 0.19251471182544044 0.3382005886645085 1.0 0.0 1 
0.0 0.0 0.0 0.48487412269610486 0.14376234123022988 0.18893827918920167 1.0 0.0 1 
0.0 0.0 0.0 0.4786115792627563 0.17549190023786673 0.36454930321460066 0.0 0.0 0 
0.0 0.0 0.0 0.26957223733588975 0.06322708903337533 0.16055868257328845 0.0 0.0 1 
0.0 0.0 0.0 0.0 0.0 0.005385207786825554 1.0 0.0 0 
0.29166666666666663 0.29166666666666663 0.20216792766331737 0.6688185086028765 0.22960455637171218 0.3472496515666412 1.0 0.0 1 
0.38888888888888884 0.4375 0.37557393779843606 0.6211017141400176 0.14921232372026383 0.29811604937585545 1.0 0.0 1 
0.0 0.0 0.0 0.022847052693435232 0.05341211136714738 0.09877828117171555 0.0 0.0 0 
0.125 0.328125 0.375 0.5141459980002397 0.1381222222789069 0.21097798400677495 1.0 0.0 0 
0.12884615384615386 0.4546418128654971 0.5211622338502121 0.5616297523668103 0.34563473171506576 0.633396098473136 1.0 0.0 0 
0.125 0.375 0.4332169878499658 0.2880013125683556 0.36036137805804647 0.54012542198601 0.0 0.0 0 
0.0 0.0 0.0 0.07069962829669119 0.018579275437300913 0.17483502432345954 0.0 0.0 1 
0.12000000000000001 0.19999999999999998 0.10939293407637275 0.37287415150993086 0.13002699216755992 0.05889878567873406 0.0 0.0 1 
0.13464285714285718 0.41078781512605045 0.48031739702249987 0.4113886763498239 0.24819691864163382 0.5601012491682016 1.0 0.0 0 
0.17429547648650062 0.4341347324299493 0.41456406961237396 0.570265181770689 0.20802368252534265 0.4354244716257403 1.0 0.0 1 
0.38857142857142857 0.44576923076923075 0.4231368393380143 0.9149500204483383 0.7591252226412896 0.642658360223334 1.0 0.0 1 
0.06662121923447953 0.2805315306689399 0.31638711629530347 0.2977557525104647 0.17019044361398786 0.44498802089685435 1.0 0.0 0 
0.05208333333333333 0.20673076923076922 0.2238288694810321 0.3039452568997151 0.17611648708003094 0.1404818027524573 1.0 0.0 1 
0.07464527971409077 0.3033093876813583 0.39541905854817144 0.2563173989287342 0.13412582094549585 0.16533309917452652 1.0 0.0 0 
0.044705500834749494 0.19581281231692682 0.2067655553424222 0.5332203519317558 0.10174575724903337 0.3652565767606899 1.0 0.0 1 
0.05555555555555555 0.16666666666666666 0.14384103622589045 0.32076568339334965 0.0786544302652345 0.04237539682318635 1.0 0.0 0 
0.42211538461538467 0.5216346153846154 0.4913906919036136 0.8213053710733208 0.617279854765393 0.6714796189193258 0.0 0.0 0 
0.0 0.0 0.0 0.19522482171874644 0.21021453869523682 0.2784368353448368 0.0 0.0 0 
0.03996212121212121 0.16333333333333333 0.1659593683273282 0.6270848793928366 0.1466383529883557 0.15214749308476963 0.0 0.0 1 
0.0 0.0 0.0 0.0 0.06957478086221558 0.32449605273674426 0.0 0.0 0 
0.04214285714285715 0.12102564102564103 0.09086057199966795 0.13286228825696855 0.07377493147066849 0.279778751259737 0.0 0.0 0 
0.0 0.0 0.0 0.15292971325538884 0.09310896198243795 0.3988017572786895 0.0 0.0 1 
0.75 0.75 0.75 0.3004167381366938 0.06662170576067304 0.5029849668528054 0.0 0.0 1 
0.6 0.6 0.4158883083359672 0.11343436909935645 0.07744721118422297 0.39423962278407076 0.0 0.0 1 
0.42261904761904767 0.5535714285714286 0.44460342771487354 0.6159188829068127 0.21404697083079524 0.40826064064017803 1.0 0.0 0 
0.5 0.5 0.5 0.3004167381366938 0.06662170576067304 0.5029849668528054 1.0 0.0 1 
0.40625 0.580514705882353 0.5319390138105446 0.11343436909935645 0.07744721118422297 0.39423962278407076 1.0 0.0 0 
0.10238095238095238 0.41624999999999995 0.5579951428682394 0.17951003723084846 0.06109711492478939 0.0 1.0 0.0 1 
0.04330065359477124 0.08187134502923976 0.02857920691997432 0.05720317965610411 0.025968279816015613 0.0 1.0 0.0 0 
0.0 0.0 0.0 0.059167883780102626 0.13164385805349774 0.0 0.0 0.0 1 
0.0 0.0 0.0 0.23271112431735408 0.08722030711724821 0.14474568073795682 1.0 0.0 0 
0.0 0.0 0.0 0.058948931108940394 0.025079712659047435 0.0 1.0 0.0 0 
0.05555555555555555 0.21428571428571427 0.2209163761395196 0.05039563727775964 0.0 0.0 0.0 0.0 0 
0.07985025103628723 0.24853815644146166 0.27019003280109516 0.1133420892826631 0.050966927041106676 0.5321085421781754 0.0 0.0 1 
0.33762273886771504 0.49244482358170705 0.450192589154842 0.42658474226936227 0.25863734636864727 0.4274658492624848 1.0 0.0 0 
0.3102272727272727 0.44430670339761247 0.4796910530623554 0.8121093991269208 0.639947253053365 0.6450516308528299 1.0 0.0 0 
0.0 0.0 0.0 0.0 0.0 0.0 1.0 0.0 1 
0.0 0.0 0.0 0.0 0.0 0.0 1.0 0.0 0 
0.35542929292929293 0.6081521093285799 0.6722933445295967 0.5396340046260656 0.24768325867149402 0.541034733204276 1.0 0.0 1 
0.0 0.0 0.0 0.0 0.0 0.0 0.0 0.0 0 
0.19678571428571426 0.6108552631578948 0.8070455306495811 0.29586616001747235 0.06977585888642897 0.3481469085294426 0.0 0.0 0 
0.21187499999999998 0.5744986631016042 0.6809685551175848 0.3232460148863322 0.07444291647207896 0.3395306076683183 0.0 0.0 1 
0.06416666666666666 0.22689839572192516 0.24068790166470805 0.5530532717319256 0.2588435800549824 0.5150661275863089 0.0 0.0 0 
0.23041666666666666 0.49249999999999994 0.5169183746824604 0.5053472481131918 0.09695332476606028 0.35928471682524726 1.0 0.0 0 
0.22916666666666666 0.5101010101010102 0.6086419664778195 0.45508781449680125 0.17263308573112307 0.36412497302329255 1.0 0.0 1 
0.2232142857142857 0.46590909090909094 0.5097491251831717 0.22727969418819494 0.04022958338030139 0.16011815045209807 1.0 0.0 1 
0.19999999999999998 0.3 0.17260924347106854 0.35714316501695786 0.05897953089947438 0.16889367401347655 1.0 0.0 0 
0.29166666666666663 0.662190934065934 0.735415048229289 0.7031714445788361 0.33854576098696193 0.40714389936575196 1.0 0.0 1 
0.078125 0.2272727272727273 0.13946471957138107 0.45562735586263403 0.14448580219817544 0.41296528054837156 1.0 0.0 1 
0.07828282828282829 0.2738095238095238 0.2619380553653343 0.37359018903905383 0.0 0.21348065385315612 1.0 0.0 0 
0.12708333333333333 0.4403409090909091 0.510773721083694 0.18254552956473735 0.05034125696605378 0.1213466842663591 0.0 0.0 0 
0.27797619047619043 0.5841071428571429 0.587254878992162 0.44161124823269504 0.21759077146102074 0.4215149573405589 1.0 0.0 0 
0.11249999999999999 0.4055944055944056 0.44000451401765595 0.22957821025870262 0.22970729228957554 0.2741109614805887 1.0 0.0 0 
0.075 0.2611888111888112 0.2854150482292891 0.4008855115143626 0.1803885696451882 0.26181617588737066 1.0 0.0 1 
0.14285714285714285 0.3625 0.3383366362709263 0.04879731669116083 0.0 0.08042914116481589 0.0 0.0 0 
0.0 0.0 0.0 0.6465767338515964 0.2807215822420854 0.4134517302582368 0.0 0.0 1 
0.30751656904166136 0.30751656904166136 0.30751656904166136 0.6140385212392752 0.11441587659370152 0.24891040851441715 1.0 0.0 1 
0.19689571130207673 0.2205231966583259 0.1575165690416614 0.6335831595448179 0.2090618863236808 0.29862938175595743 0.0 0.0 1 
0.11388888888888887 0.21777777777777776 0.18483924814931874 0.6286451188293178 0.2570197734527035 0.07022840717710165 1.0 0.0 1 
0.0 0.0 0.0 0.0 0.0 0.0 0.0 0.0 0 
0.5986111111111111 0.7369770580296896 0.7693147180559945 0.9493213487915471 0.48390899182603414 0.5844815515799782 0.0 0.0 1 
0.20144851713778245 0.5060513045330587 0.5415225231781531 0.7115480960402067 0.2509210384289551 0.28203787473806174 0.0 0.0 1 
0.0 0.0 0.0 0.0 0.0 0.0 0.0 0.0 0 
0.1615747297278736 0.41309125111627804 0.4426853144929339 0.7069903997706273 0.23597945054681746 0.358740648418734 0.0 0.0 0 
0.3982523319973058 0.6473408844074147 0.6739815465758934 0.601515503332759 0.28455119350665825 0.47934363442126526 1.0 0.0 1 
0.1643378849779943 0.35210212028047516 0.38188279321124347 0.5729470240561936 0.28804599092342553 0.4476481108367275 1.0 0.0 1 
0.16583333333333333 0.4095394736842105 0.48670893220627814 0.37884307248730775 0.16635987210305636 0.3104342770707459 1.0 0.0 0 
0.1388888888888889 0.3948717948717949 0.4818928409483112 0.465622465530384 0.1964571178381413 0.4599727341681753 1.0 0.0 0 
0.5861111111111111 0.7293956043956044 0.7739735060376485 0.5568094472766201 0.4899830125802848 0.5616308774413524 1.0 0.0 0 
0.24189814814814814 0.5351851851851852 0.5030206135845438 0.43943032117190706 0.1954593371997861 0.11506872012044976 1.0 0.0 0 
0.0 0.0 0.0 0.00803865769601575 0.051829228193917075 0.14826657213157435 0.0 0.0 0 
0.1 0.35714285714285715 0.5 0.6905263618680383 0.2994326277693543 0.14013397241119757 0.0 0.0 1 
0.1875 0.30000000000000004 0.0 0.0 0.0 0.0 0.0 0.0 0 
0.16666666666666666 0.3333333333333333 0.34657359027997264 0.30158349916660776 0.05483023087270235 0.0 0.0 0.0 0 
0.1875 0.30000000000000004 0.0 0.7251899667965647 0.1634777227157983 0.11226099917018015 0.0 0.0 1 
0.15000000000000002 0.25 0.13674116759546595 0.4188297916815673 0.046266771679392235 0.1346874017509207 0.0 0.0 1 
0.15006313131313131 0.41550342411211977 0.37069236438401 0.1316354961093389 0.0 0.0 0.0 0.0 1 
0.14958333333333335 0.4290854978354979 0.5208472869315147 0.46512922076844354 0.1909310342682092 0.6755017048443358 1.0 0.0 0 
0.0 0.0 0.0 0.3848902665389229 0.15411821526440583 0.3845874822900672 1.0 0.0 1 
0.0 0.0 0.0 0.41146488208919574 0.14649055036450273 0.38099371895848877 0.0 0.0 0 
0.0 0.0 0.0 0.21388770984438876 0.05969239634619406 0.0 0.0 0.0 1 
0.1 0.35714285714285715 0.5 0.3226244810736705 0.15846458018579493 0.41469913597399766 0.0 0.0 1 
0.25 0.375 0.21576155433883568 0.3133304390084757 0.09620308117523357 0.07932514661303211 1.0 0.0 0 
0.0 0.0 0.0 0.28653129435543534 0.04687755263263438 0.0 1.0 0.0 0 
0.0 0.0 0.0 0.33505241541652664 0.061564398684577006 0.057721325641067425 1.0 0.0 1 
0.46428571428571425 0.765625 0.8916741082402925 0.9684297335163298 0.653906339564099 0.6077022813928279 0.0 0.0 0 
0.0 0.0 0.0 0.0 0.0 0.0 0.0 0.0 1 
0.0 0.0 0.0 0.0 0.0 0.0 0.0 0.0 0 
0.13701377987092273 0.49461451247165533 0.5957781217141714 0.3038454321915619 0.13678441776812078 0.304016237087168 1.0 0.0 0 
0.13214285714285715 0.5456730769230769 0.6802994440925729 0.0566285493491524 0.03240562164659151 0.10166005756271247 1.0 0.0 1 
0.1445294784580499 0.4179639804639804 0.4337437999650696 0.10894244519074481 0.06468454579451349 0.28217405487837754 0.0 0.0 0 
0.08035714285714285 0.32708333333333334 0.3963592466880894 0.1299727926850771 0.0500464272478715 0.1809262430505131 0.0 0.0 1 
0.33535353535353535 0.43982683982683984 0.40440630530150096 0.9173036682962417 0.5474058802782082 0.6625888166642715 1.0 0.0 0 
0.075 0.27692307692307694 0.26509965136742353 0.15294935478866245 0.11446528132298063 0.026365644412888568 0.0 0.0 0 
0.07407407407407408 0.29783549783549784 0.36967849629863747 0.16663784700685236 0.0087269607830789 0.14921490130514461 0.0 0.0 1 
0.0 0.0 0.0 0.03471905198367975 0.0017217420232574687 0.0 0.0 0.0 1 
0.6111111111111112 0.6527777777777778 0.6666666666666666 0.37012475889386676 0.6288751249257287 0.5896288107683029 0.0 0.0 1 
0.08333333333333333 0.14814814814814814 0.06871124888286781 0.05378046597836983 0.0042459004322839555 0.0 0.0 0.0 0 
0.12996031746031744 0.4077797202797203 0.47124935920723077 0.19386893664147187 0.24317247180106563 0.4125957923647401 0.0 0.0 0 
0.4487847222222222 0.6530885780885781 0.7071351616465662 0.6036230943752692 0.4862769177548116 0.7137408298851325 0.0 0.0 1 
0.05208333333333333 0.21929824561403508 0.24909875031484185 0.038089218078079856 0.10867339705370911 0.2472865073219971 1.0 0.0 1 
0.13645833333333332 0.34877622377622375 0.3895089800807895 0.193152244605846 0.13494059381044612 0.2678455208471131 0.0 0.0 0 
0.125 0.4 0.5 0.22862908521385483 0.026723500192567626 0.009225557032960909 0.0 0.0 1 
0.22517361111111112 0.6119916847858025 0.6924650963549898 0.08287553894142607 0.029606554862000645 0.004658214402382786 0.0 0.0 1 
0.1875 0.5 0.5198603854199589 0.3361807288737333 0.09929485754204385 0.0 0.0 0.0 0 
0.11428571428571428 0.39999999999999997 0.48520302639196167 0.19725059637810216 0.04607918577300495 0.003116796463247815 0.0 0.0 1 
0.10178571428571428 0.35073529411764703 0.4326678573184468 0.45586949375228303 0.14914230384377256 0.2818330084153848 1.0 0.0 0 
0.11666666666666667 0.175 0.10068872535812332 0.5106118014873111 0.18058379709072842 0.029606953212354646 1.0 0.0 1 
0.12095238095238095 0.41047619047619044 0.5515654890127288 0.14998076730144716 0.048343765752533595 0.13851525138369156 1.0 0.0 1 
0.0 0.0 0.0 0.0035599683460176834 0.001564700951576284 0.0 1.0 0.0 0 
0.1388888888888889 0.20833333333333331 0.11986753018824203 0.6161119546339864 0.25468703222053085 0.06146266046538926 1.0 0.0 1 
0.09226190476190477 0.4375 0.6041977115670399 0.07337801598619609 0.0 0.0 0.0 0.0 0 
0.0 0.0 0.0 0.0 0.0 0.0 0.0 0.0 1 
0.48383116883116883 0.6583211233211234 0.7366819270957341 0.12156658110587859 0.029674061396311145 0.19489782566472608 0.0 0.0 1 
0.0 0.0 0.0 0.0 0.0 0.0 0.0 0.0 0 
0.55 0.55 0.55 0.0 0.0 0.0 0.0 0.0 0 
0.0 0.0 0.0 0.5459049185492506 0.12108797980902132 0.22481620667934518 0.0 0.0 0 
0.0 0.0 0.0 0.3727220794232139 0.08665825104688796 0.00403811249254938 0.0 0.0 1 
0.0 0.0 0.0 0.48806004202260633 0.14940180725057314 0.026238202688721672 0.0 0.0 1 
0.0 0.0 0.0 0.6547919598848462 0.31950537405427104 0.4514608085808881 0.0 0.0 0 
0.625 0.625 0.625 0.9124265505364842 0.5739962151623796 0.49211718572849916 1.0 0.0 0 
0.0 0.0 0.0 0.2676720646945565 0.1186300127565323 0.11285138858712403 1.0 0.0 1 
0.20610119047619047 0.3952020202020201 0.3083304308991739 0.20835150063333574 0.02629040788028364 0.03373817581001482 1.0 0.0 1 
0.0 0.0 0.0 0.09695321936760604 0.0 0.28703165888149335 0.0 0.0 0 
0.046296296296296294 0.17857142857142855 0.18409698011626632 0.0 0.0 0.03771459218311266 0.0 0.0 0 
0.31994047619047616 0.38749999999999996 0.3783100642366598 0.16866169354763272 0.018822984629260523 0.06683551776730105 0.0 0.0 0 
0.12420033670033671 0.5114087301587301 0.640233079182954 0.1418436764510086 0.03314411171884943 0.2624796865271554 0.0 0.0 0 
0.38703703703703707 0.5546218487394958 0.5589448556339691 0.11971968575886938 0.0 0.29624436224337986 0.0 0.0 0 
0.13194444444444442 0.4242424242424242 0.4207666884880762 0.24390954518789165 0.15365263330522222 0.2151291022745477 0.0 0.0 0 
0.0 0.0 0.0 0.054105481406102496 0.06615162413056243 0.0 1.0 0.0 0 
0.0 0.0 0.0 0.3803893619961607 0.14009099774755362 0.09176407563460841 0.0 0.0 0 
0.0 0.0 0.0 0.3803893619961607 0.14009099774755362 0.09176407563460841 0.0 0.0 0 
0.625 0.625 0.625 0.6527741349395912 0.31176846350756054 0.598384155007037 0.0 0.0 0 
0.0 0.0 0.0 0.5990282289221114 0.28417472809966515 0.0990688591113353 1.0 0.0 0 
0.1 0.35714285714285715 0.5 0.15011750244120448 0.21419664258791837 0.06698167721451499 0.0 0.0 0 
0.05 0.09090909090909091 0.043505688494814905 0.29451806110956125 0.39314001437600576 0.38586583468716473 1.0 0.0 0 
