0.0 0.0 0.0 0.0 0.0 0.0 0.0 0.0 0 
0.0 0.0 0.0 0.0 0.0 0.0 0.0 0.0 0 
0.0 0.0 0.0 0.0 0.0 0.0 0.0 0.0 0 
0.0 0.0 0.0 0.0 0.0 0.0 0.0 0.0 0 
0.09074074074074073 0.35615079365079366 0.41852032041580955 0.45343677717242337 0.062001655995692344 0.20592085740874067 1.0 0.0 0 
0.0 0.0 0.0 0.37102553041460495 0.09291793423851612 0.08984768511730666 0.0 0.0 0 
0.0 0.0 0.0 0.0 0.0 0.0 0.0 0.0 0 
0.09090909090909091 0.5454545454545454 0.6931471805599453 0.018411125535955808 0.0031131318124101243 0.15631607118480845 1.0 0.0 0 
1.0 1.0 1.0 1.0 1.0 1.0 1.0 0.0 0 
0.0 0.0 0.0 0.0 0.0 0.0 0.0 0.0 0 
0.0 0.0 0.0 0.0 0.0 0.0 0.0 0.0 0 
0.0 0.0 0.0 0.0 0.0 0.0 0.0 0.0 0 
0.0 0.0 0.0 0.0 0.0 0.0 0.0 0.0 0 
0.0 0.0 0.0 0.0 0.0 0.0 0.0 0.0 0 
0.0634469696969697 0.256547619047619 0.265175646419354 0.0264527426218375 0.006340527982187173 0.31135250311662616 1.0 0.5 0 
0.0 0.0 0.0 0.01466451408844982 0.0 0.32398952139060916 1.0 0.0 0 
0.0 0.0 0.0 0.30546096959980673 0.0 0.09441343989454122 0.0 0.0 0 
0.3333333333333333 0.5 0.2876820724517809 0.0 0.4872099420656244 0.2873697945898488 1.0 0.0 0 
0.0 0.0 0.0 0.0 0.0 0.0 0.0 0.0 0 
0.4164484126984127 0.6442890442890443 0.7096686036174291 0.23365980131700914 0.20666741810010508 0.5283857139622887 0.0 0.0 0 
0.09458333333333332 0.31662114845938377 0.40431929723320725 0.5566432615016459 0.1579289278712934 0.37249713499500897 1.0 0.0 0 
0.1518623737373737 0.34337121212121213 0.3515773145348633 0.6173256166289461 0.1302190229151341 0.4647940731355754 0.0 0.0 0 
0.057291666666666664 0.1762820512820513 0.22916666666666666 0.44653555773895537 0.08903864600483648 0.1750461367018732 0.0 0.0 0 
0.11904761904761904 0.15873015873015872 0.0684957315361383 0.41677099629574976 0.11766295073707493 0.2709743559120748 1.0 0.0 0 
0.12053571428571429 0.4000666000666001 0.46992253949108587 0.446165627297493 0.09856400573472321 0.34856935656369287 0.0 0.0 0 
0.06902356902356901 0.27976190476190477 0.3000255745807061 0.4119930711267422 0.11430072847555216 0.2150331670000963 0.0 0.0 0 
0.6666666666666666 0.6666666666666666 0.6666666666666666 0.9411111779369499 0.8794620670358536 0.8039258899400761 0.0 0.0 1 
0.0 0.0 0.0 0.5678317602512418 0.09757424200857136 0.444965101881386 0.0 0.0 0 
0.07717592592592593 0.29490028490028486 0.3512967874372308 0.5682671462016617 0.1941847742508026 0.465123533758525 0.0 0.0 0 
0.25 0.25 0.25 0.5567188087072721 0.11089029346886942 0.3050579076921474 1.0 0.0 0 
0.2909993339536625 0.3928491008374444 0.43649900093049376 0.6822842408069723 0.16239169673210085 0.5206032219257016 0.0 0.0 0 
0.4803184211526943 0.5144848389757076 0.4749443920176898 0.7736381540823535 0.5075302970890577 0.7031117135926387 1.0 0.0 0 
0.0 0.0 0.0 0.0 0.0 0.0 1.0 0.0 0 
0.5833333333333334 0.5833333333333334 0.5833333333333334 0.0 0.0 0.0 0.0 0.0 0 
0.07777777777777778 0.2906299840510367 0.36014631999852664 0.3400986161050451 0.15962748728033593 0.3125103999484578 0.0 0.0 0 
0.1 0.3851851851851852 0.511010861833108 0.31940930196206474 0.03582884009077178 0.2423337170197886 0.0 0.0 0 
0.5887755102040816 0.7326649958228906 0.7826196388527666 0.5576146328566255 0.7147166326636489 0.7933610996355868 0.0 0.0 0 
0.1001984126984127 0.31360096670247045 0.3546457191976684 0.5525928520267968 0.12885583947422546 0.2463317788952832 0.0 0.0 0 
0.6527777777777777 0.6979166666666667 0.7083333333333333 0.552956984364394 0.3528227486658386 0.4744189525836334 0.0 0.0 0 
0.5946899454239157 0.668846131192874 0.6147618755134885 0.6045318884698131 0.7999326384665525 0.7595912272018447 1.0 0.0 0 
0.0 0.0 0.0 0.0 0.0 0.0 1.0 0.0 0 
0.0 0.0 0.0 0.0 0.0 0.0 1.0 0.0 0 
0.0 0.0 0.0 0.4126199594410609 0.00430389777961831 0.11036542101447695 1.0 0.0 0 
0.0 0.0 0.0 0.44293633171484426 0.14235722758385536 0.0 0.0 0.0 0 
0.14503205128205127 0.33831168831168834 0.25986670992578587 0.3437436833399081 0.18719282431934275 0.0 1.0 0.0 0 
0.0 0.0 0.0 0.0 0.0 0.0 1.0 0.0 1 
0.0875 0.28928571428571426 0.375 0.6278685501589567 0.239121204280968 0.2820712278815074 1.0 0.0 1 
0.0 0.0 0.0 0.0 0.0 0.0 0.0 0.0 0 
0.0 0.0 0.0 0.0 0.0 0.0 0.0 0.0 0 
0.415625 0.5254524886877828 0.5219339117742152 0.5338361698714987 0.5199363119633955 0.6663751287661868 1.0 0.0 1 
0.0 0.0 0.0 0.0 0.0 0.0 0.0 0.0 0 
0.726087999579899 0.7917363302590967 0.8026431778222314 0.3365409708581505 0.4795590110011547 0.8158506484828038 0.0 0.0 1 
0.0 0.0 0.0 0.0 0.0 0.0 0.0 0.0 0 
0.048863636363636366 0.1813186813186813 0.17376735169815072 0.23199729897752475 0.13259019439343117 0.12629298016753449 0.0 0.0 0 
0.1 0.32499999999999996 0.4149441740777056 0.13556289813502398 0.043818566390324 0.0 0.0 0.0 1 
0.07142857142857142 0.2 0.17833747196936622 0.10658025870354448 0.06220526896112934 0.15968276606130125 0.0 0.0 0 
0.1486426060101394 0.5101455235694661 0.6607743638926172 0.22842254243031745 0.14280798891290086 0.5148301034289169 1.0 0.0 0 
0.1875 0.3333333333333333 0.375 0.22743488101034537 0.1467830062150706 0.10784142924365338 1.0 0.0 1 
0.09892762826787015 0.3467809104852919 0.35579724345012487 0.26323580630148125 0.060786781011623395 0.0 1.0 0.0 0 
0.16449567453983008 0.4199860009995753 0.4754641536118722 0.6307182183203944 0.33262874871209197 0.4084308356070565 1.0 0.0 1 
0.10416666666666666 0.2884615384615385 0.2761454701743995 0.03909592812922802 0.0 0.14398036318772944 1.0 0.0 0 
0.10747354497354497 0.34273004448443045 0.3670767485417783 0.06954663391233584 0.0038094553224903875 0.0 1.0 0.0 0 
0.0650352733686067 0.2656862745098039 0.351477776689266 0.32089328012817697 0.1638655232130285 0.07864875807915529 1.0 0.0 0 
0.08154761904761905 0.293983793983794 0.3355971032107013 0.3829971847143899 0.15560410127581945 0.19703731400714672 0.0 0.0 0 
0.0 0.0 0.0 0.0 0.0 0.0 0.0 0.0 1 
0.0 0.0 0.0 0.0 0.0 0.0 0.0 0.0 1 
0.0 0.0 0.0 0.05962712249177127 0.0 0.0 0.0 0.0 1 
0.0 0.0 0.0 0.0 0.0 0.0 0.0 0.0 0 
0.0 0.0 0.0 0.0 0.0 0.0 0.0 0.0 0 
0.0 0.0 0.0 0.0 0.0 0.0 0.0 0.0 0 
0.0 0.0 0.0 0.0 0.0 0.0 0.0 0.0 0 
0.0 0.0 0.0 0.0 0.0 0.0 0.0 0.0 0 
0.0 0.0 0.0 0.0 0.0 0.0 0.0 0.0 0 
0.0 0.0 0.0 0.0 0.0 0.0 0.0 0.0 0 
0.0 0.0 0.0 0.0 0.0 0.0 1.0 0.0 0 
0.0 0.0 0.0 0.0 0.0 0.0 0.0 0.0 0 
0.75 0.75 0.75 0.0 0.0 0.0 0.0 0.0 1 
0.0 0.0 0.0 0.0 0.0 0.0 0.0 0.0 0 
0.0 0.0 0.0 0.3003917978926821 0.004777473633974522 0.0 0.0 0.0 0 
0.10312500000000001 0.2235819735819736 0.1897337686855717 0.5832756149880147 0.22817545327838853 0.25975683207859884 0.0 0.0 1 
0.0 0.0 0.0 0.4128700383109758 0.13361786047575874 0.0 0.0 0.0 0 
0.287943254118613 0.3559070064299887 0.2824847752060237 0.4682301101004651 0.1656014530475939 0.06992077061287828 1.0 0.0 0 
0.3094589509009859 0.6292803318981797 0.726142385192598 0.5304792955376485 0.25970580976146823 0.5770804794532746 1.0 0.0 0 
0.08901365423042669 0.27185688487195414 0.25880765205562367 0.3532857994719558 0.11493934094561649 0.3984228886744823 0.0 0.0 0 
0.04256497712573884 0.07094162854289807 0.03880256447231886 0.2620097119849242 0.011226153269238807 0.0 0.0 0.0 1 
0.30125 0.3483333333333333 0.2660223502786398 0.3578706327863225 0.1474052267521893 0.07563088515854755 1.0 0.0 0 
0.4069539188621708 0.5082320434658785 0.5617909882244208 0.9038654334709099 0.5983907325091745 0.6995491885584989 1.0 0.0 0 
0.06666666666666667 0.19393939393939394 0.24434419516644135 0.655734679060555 0.18460263524628653 0.44254676437555435 1.0 0.0 1 
0.0 0.0 0.0 0.6198867887985451 0.31830744072138384 0.4046683555576926 1.0 0.0 1 
0.06428571428571428 0.165 0.1381893696410086 0.3224041064077853 0.1222942696625958 0.045680651106123134 1.0 0.0 1 
0.139792188380351 0.27526839944649334 0.3050228425163676 0.6835168343348893 0.25738211139528566 0.4356110907943448 0.0 0.0 0 
0.45833333333333337 0.488095238095238 0.41666666666666663 0.6892767922849763 0.41617685058948034 0.6825296820816499 0.0 0.0 0 
0.11904761904761904 0.20535714285714285 0.06676569631226131 0.5382802107202784 0.2047610964528317 0.10071874782040953 1.0 0.0 0 
0.0 0.0 0.0 0.0 0.0 0.0 1.0 0.0 1 
0.0 0.0 0.0 0.3221702636871451 0.05921956476069262 0.012656887483055861 1.0 0.0 1 
0.0 0.0 0.0 0.0 0.0 0.0 0.0 0.0 0 
0.0 0.0 0.0 0.0 0.0 0.0 0.0 0.0 1 
0.0 0.0 0.0 0.0 0.0 0.0 0.0 0.0 0 
0.0 0.0 0.0 0.0 0.0 0.0 0.0 0.0 0 
0.10416666666666666 0.16666666666666669 0.07596731533081441 0.2808049667356234 0.05195802875383629 0.11899090428126867 0.0 0.0 0 
0.0761904761904762 0.18112244897959184 0.16061055173073804 0.2804926955150707 3.7189633208263674e-05 0.0 0.0 0.0 1 
0.12713529856387 0.3769850247791424 0.3965067518580364 0.36000523654775196 0.1486060514110374 0.2806234148517254 1.0 0.0 0 
0.0 0.0 0.0 0.49450432815704926 0.16380085536570277 0.13033592729714547 0.0 0.0 1 
0.0 0.0 0.0 0.3885574495739841 0.09034032549727332 0.08252244016022386 0.0 0.0 0 
0.15625 0.40865384615384615 0.5 0.16673928218255418 0.049107455315592505 0.0 1.0 0.0 0 
0.37797619047619047 0.4903846153846154 0.5064994167887811 0.4430688748031282 0.09890455397079968 0.323338392742581 1.0 0.0 1 
0.08333333333333334 0.20833333333333331 0.1958348455190565 0.48993960199499864 0.26526321406951364 0.3344985884080486 0.0 0.0 0 
0.1111111111111111 0.3131313131313131 0.32694308433724206 0.48193851573253066 0.14573483765031842 0.4303974437390978 0.0 0.0 0 
0.175 0.4007936507936508 0.5 0.6863980766371302 0.26388474537598255 0.2498409006753538 0.0 0.0 0 
0.6666666666666666 0.6666666666666666 0.6666666666666666 0.49077375097664566 0.7473051105365813 0.7496002591166375 0.0 0.0 1 
0.175 0.4007936507936508 0.5 0.22710810794582703 0.029854830188411164 0.12374019433476881 1.0 0.0 0 
0.44047619047619047 0.5 0.5064994167887811 0.1559684486197448 0.004535213985071506 0.13746138754952666 0.0 0.0 0 
0.40688131313131315 0.5925740925740925 0.6030745275309066 0.12550761485318607 0.03393174272195089 0.0 1.0 0.0 1 
0.10267857142857142 0.3653846153846154 0.37995643843610327 0.19515054931511477 0.0066538374094466494 0.20121145830738657 1.0 0.0 1 
0.15416666666666667 0.2484848484848485 0.0 0.17532002757681409 0.003123805981018188 0.0 0.0 0.0 1 
0.3291005291005291 0.5960207847707848 0.6269953209784547 0.19343680918441697 0.061320527677497454 0.0 0.0 0.0 1 
0.0 0.0 0.0 0.0 0.0 0.0 0.0 0.0 0 
0.0 0.0 0.0 0.0 0.0 0.0 0.0 0.0 0 
0.4726190476190476 0.675 0.7538996500732686 0.45828280655640363 0.16843871226659207 0.358722392982463 0.0 0.0 0 
0.24333333333333332 0.35897435897435903 0.37816070977640376 0.5805071185070314 0.4094853406849947 0.4565555270402415 0.0 0.0 1 
0.1875 0.5697115384615384 0.75 0.4281698554018806 0.16977276952319895 0.4264422283280882 1.0 0.0 0 
0.24464116835674798 0.3996657907605862 0.43592777257738236 0.6067789264310385 0.6357804187563489 0.6228489015713515 0.0 0.0 0 
0.3804674087884228 0.5229920311922611 0.5547382331660436 0.5815920438353377 0.6097656839704739 0.6127866124197892 1.0 0.0 0 
0.15555555555555553 0.4222222222222223 0.5333333333333333 0.39761864992935414 0.1898564578065515 0.48240175106845706 1.0 0.0 0 
0.0 0.0 0.0 0.0 0.0 0.0 0.0 0.0 1 
0.0 0.0 0.0 0.0 0.0 0.0 0.0 0.0 0 
0.4375 0.6229166666666667 0.6875 0.4368455859831747 0.18100362926353253 0.5263651287777368 0.0 0.0 0 
0.08995535714285714 0.32429029304029305 0.330446157332171 0.42497663493130167 0.08452412906475175 0.30369228658911773 1.0 0.0 0 
0.39017857142857143 0.5757783882783882 0.6444783077591458 0.4877001873797746 0.26375265709458917 0.5264133465382834 1.0 0.0 1 
0.125 0.41025641025641024 0.49802488288117197 0.46410930892246693 0.0842323532460833 0.2711079159052303 0.0 0.0 0 
0.1375 0.4287545787545788 0.500587841970022 0.44909922659430734 0.11557025727437742 0.31022936349127095 0.0 0.0 1 
0.07944444444444444 0.28901098901098904 0.3109009941055736 0.45663932504350147 0.0974406466968338 0.3733314434866207 0.0 0.0 0 
0.0 0.0 0.0 0.31612912675323324 0.022143743277356555 0.17261274822391315 1.0 0.0 1 
0.12053571428571427 0.4000610500610501 0.4867009514911159 0.3911754275236894 0.14298174681729806 0.3277549655610542 1.0 0.0 1 
0.0 0.0 0.0 0.3853683770867362 0.19359429864944822 0.2240396144112737 0.0 0.0 1 
0.1 0.31436994378170857 0.36062359647403425 0.6475019393644753 0.6850147251854654 0.36605316128165827 1.0 0.0 1 
0.08979166666666667 0.2725624375624376 0.2913783498405659 0.5254557408094693 0.14681499206502122 0.27283666918193317 1.0 0.0 0 
0.0 0.0 0.0 0.5488039392414308 0.2159168043898537 0.2682611962677053 0.0 0.0 0 
0.0 0.0 0.0 0.44206874297407994 0.12249436777222879 0.17866532162771945 0.0 0.0 0 
0.0 0.0 0.0 0.0 0.0 0.0 1.0 0.0 0 
0.0 0.0 0.0 0.0 0.0 0.0 0.0 0.0 0 
0.0 0.0 0.0 0.0 0.0 0.0 0.0 0.0 0 
0.0 0.0 0.0 0.0 0.0 0.0 0.0 0.0 0 
0.3208333333333333 0.4611819552996024 0.4702769017238261 0.49424726578184885 0.5253067036771776 0.44585889970672715 1.0 0.0 0 
0.2269607478544831 0.5472908583111957 0.5741289854533923 0.366309975584448 0.11692577887719977 0.2708252072522709 0.0 0.0 1 
0.4563492063492063 0.5392156862745099 0.451482589588014 0.6666602580829609 0.6948251669396869 0.5960341396536093 0.0 0.0 1 
0.170806021842895 0.3489322062975951 0.34049560195171397 0.5217721298896763 0.14298162375713402 0.33951942754295783 1.0 0.0 0 
0.7230057510323098 0.8407424359580882 0.8740204987734606 0.7266498233596993 0.6396861398769642 0.6475638685438491 1.0 0.0 1 
0.12455632147545029 0.48068190237917324 0.584127214289701 0.12546424346676022 0.02614265560109278 0.2837278481910519 1.0 0.0 1 
0.13603535353535354 0.3562881562881563 0.315110950133085 0.4916032425877547 0.1805580933155818 0.2639674439224055 1.0 0.0 0 
0.0 0.0 0.0 0.3197828471169102 0.15509735224036628 0.09190197791548188 0.0 0.0 0 
0.0 0.0 0.0 0.04891852532174035 0.053723525696406677 0.056514883433781735 0.0 0.0 0 
0.0 0.0 0.0 0.0 0.09356309280677366 0.0 0.0 0.0 0 
0.08333333333333333 0.25 0.2577357721627729 0.3121066146017256 0.13844351249710285 0.377727361054265 0.0 0.0 1 
0.17833333333333334 0.5704112554112555 0.6923072809450804 0.22736027825273875 0.02106465230145981 0.3540677628029456 0.0 0.0 1 
0.11652777777777777 0.36492713169183755 0.4202224739979076 0.4885166901428749 0.12789986914061074 0.4151557507937094 0.0 0.0 0 
0.0625 0.1 0.04558038919848865 0.39807441083615447 0.13316173264476092 0.22689123936704875 0.0 0.0 1 
0.25 0.2708333333333333 0.2442935923898059 0.35244143820219975 0.09607440778344362 0.39368427847963905 0.0 0.0 1 
0.07222222222222222 0.10833333333333334 0.06233111569788586 0.5744660331725129 0.1273620735603302 0.2365812704333547 1.0 0.0 0 
0.3713888888888889 0.5935409035409035 0.6590940579998801 0.6182518568440938 0.455061061110647 0.5460285787339569 1.0 0.0 1 
0.041666666666666664 0.07142857142857142 0.0 0.4498664910730559 0.1286045444988263 0.09223316252767769 0.0 0.0 0 
0.0 0.0 0.0 0.574514452981074 0.1089295069268988 0.30373522347911874 0.0 0.0 1 
0.22916666666666669 0.2638888888888889 0.2442935923898059 0.5143980404980948 0.3423465954007768 0.4621955855202851 1.0 0.0 0 
0.5262896825396826 0.6897512210012209 0.6727812711606742 0.773842619979227 0.8211984595359685 0.815178790878801 1.0 0.0 1 
0.09910714285714287 0.22694805194805195 0.14595064501938265 0.6342439774319155 0.26831597149952296 0.46933725209528393 1.0 0.0 0 
0.15729166666666666 0.4508158508158508 0.5257252105528767 0.47022981144330644 0.10499098897209096 0.34373956849847503 1.0 0.0 0 
0.6210016835016835 0.7116217116217116 0.6977825796903319 0.1382023380620303 0.08459817990370377 0.0 1.0 0.0 0 
0.07500000000000001 0.23076923076923078 0.18087154261266608 0.2418915859017453 0.06045971395615644 0.0 0.0 0.0 1 
0.07060185185185186 0.2435897435897436 0.22429065625241434 0.459357813575618 0.13626448305550126 0.3474841603474241 0.0 0.0 0 
0.5989583333333333 0.6302083333333333 0.6301700145135096 0.8397330101827063 0.8567987036363418 0.7915308958655941 1.0 0.0 0 
0.6666666666666666 0.6666666666666666 0.6666666666666666 0.838480419561439 0.8588578999650065 0.8430976458835788 1.0 0.0 1 
0.16493055555555552 0.560515873015873 0.6273794916250535 0.5283733942593452 0.189160178484688 0.098981986388696 0.0 0.0 0 
0.2222222222222222 0.4627450980392157 0.48778990034450653 0.5993985130789478 0.2317727286032144 0.08872464781337593 0.0 0.0 0 
0.10256410256410256 0.375 0.46857650786122773 0.266584887789847 0.05210498129920132 0.05940606144806393 0.0 0.0 0 
0.13988095238095238 0.49755799755799757 0.6117042277506178 0.11526259942260764 0.0 0.01031239745805857 0.0 0.0 0 
0.08452380952380953 0.34375 0.42580500560218526 0.1049967909703291 0.0 0.0 0.0 0.0 1 
0.10185185185185186 0.35897435897435903 0.3006969982044354 0.16241756397246854 0.1964411301999691 0.210777164431253 1.0 0.0 0 
0.0 0.0 0.0 0.21829207712957022 0.06297845123846633 0.16282257225603447 1.0 0.0 0 
0.06944444444444445 0.2777777777777778 0.35304077516133486 0.2791855926403082 0.13201945315824573 0.1673831155441809 1.0 0.0 0 
0.3333333333333333 0.6153846153846154 0.6666666666666666 0.3296061331447824 0.0882812043026149 0.3261453738883621 1.0 0.0 1 
0.13500709290165855 0.44268747251153173 0.5709093154016078 0.31579693223224004 0.06936198985422788 0.3164235080390211 1.0 0.0 0 
0.3388709257121236 0.41920094902468297 0.33998594135952714 0.5321519635134232 0.2446084521300445 0.5518805943790278 0.0 0.0 0 
0.10209219946040651 0.32645726227466504 0.4146578592877844 0.5250040186779648 0.14844180723722697 0.5698201758221262 0.0 0.0 1 
0.06825396825396826 0.18518518518518517 0.15455914237345073 0.4046425969144487 0.1632952699484746 0.2639973629185453 0.0 0.0 0 
0.06944444444444445 0.29157509157509154 0.3135822855223048 0.45197553326177653 0.16228749287942212 0.33942031047318194 1.0 0.0 0 
0.6128306878306878 0.6845238095238095 0.6851659424857178 0.16338996704440334 0.10702990637308733 0.3753648662611114 1.0 0.0 1 
0.0 0.0 0.0 0.0 0.0 0.0 0.0 0.0 0 
0.0 0.0 0.0 0.0 0.006372587655637226 0.0 0.0 0.0 0 
0.0 0.0 0.0 0.0033482778238962396 0.024222045210885525 0.0 1.0 0.0 0 
0.11388888888888887 0.20238095238095238 0.15410250837737424 0.690721085355227 0.26037961658018394 0.4059956567236756 1.0 0.0 0 
0.05486111111111111 0.23666666666666664 0.25733902950978893 0.5145628920690537 0.23489244981353607 0.3319721455358673 1.0 0.0 1 
0.0 0.0 0.0 0.34953508229780494 0.1343178099162738 0.06359425936865044 1.0 0.0 1 
0.07083333333333333 0.23033189033189033 0.22575373456794115 0.5762761309726705 0.25748788731254224 0.24509780460983566 1.0 0.0 1 
0.0 0.0 0.0 0.5220745879586205 0.27439739265519764 0.3551526862255295 0.0 0.0 0 
0.0 0.0 0.0 0.4019995305715669 0.16761266743066336 0.10281538708602793 0.0 0.0 0 
0.11666666666666667 0.23333333333333334 0.24260151319598083 0.49642254067885727 0.21210884260402202 0.26115399333400013 0.0 0.0 0 
0.6291666666666667 0.6909090909090909 0.6863046217355343 0.017132381888234516 0.016250852844660105 0.09446769147919133 1.0 0.0 1 
0.75 0.75 0.75 1.0 1.0 0.9999999999999999 0.0 0.0 1 
0.18181818181818182 0.5604395604395604 0.7068603428028147 0.02310446914193176 0.0 0.17928320005959889 0.0 0.0 1 
0.11931818181818182 0.36813186813186816 0.45686034280281473 0.02310446914193176 0.0 0.17928320005959889 0.0 0.0 0 
0.1423611111111111 0.38827838827838834 0.25167449813429377 0.30001544320529383 0.12811663673524679 0.33809292428693255 0.0 0.0 0 
0.0625 0.11538461538461539 0.04840389085317838 0.0012856034961384877 0.0 0.0 0.0 0.0 0 
0.0 0.0 0.0 0.20913173385127526 0.05717631457436328 0.46952331430568295 0.0 0.5 0 
0.0 0.0 0.0 0.3183522202079434 0.05442274337929347 0.0 0.0 0.5 0 
0.0 0.0 0.0 0.46890521387434525 0.31683932012399646 0.12734180419016755 1.0 0.0 0 
0.14 0.23333333333333334 0.12762508975576822 0.4840964506303105 0.22929979096754846 0.3536804621385917 0.0 0.0 0 
0.35875 0.6347902097902098 0.7193295187287898 0.5259216736427571 0.2608268583078554 0.4762219455114872 1.0 0.0 0 
0.046875 0.17307692307692307 0.15204941554056167 0.4439682812955654 0.008327133246437008 0.0 0.0 0.0 0 
0.171875 0.4823232323232323 0.5858517718785752 0.2961846542070641 0.03525012437523334 0.04851394790953093 0.0 0.0 1 
0.0 0.0 0.0 0.4106376240294135 0.12929772899789094 0.10710360979649099 1.0 0.0 0 
0.15625 0.4545454545454546 0.625 0.34193396720897007 0.11189359883008058 0.016209672725461 1.0 0.0 0 
0.08928571428571427 0.3571428571428571 0.4332169878499658 0.518694068005299 0.14218960360356464 0.2719484919041527 0.0 0.0 1 
0.06076388888888889 0.16136363636363638 0.11523583967228453 0.5474164965934807 0.12726303384574209 0.3407605488693306 0.0 0.0 1 
0.1826388888888889 0.5817307692307693 0.7270657752150562 0.3210651422684808 0.050099842857295886 0.22228420210436098 0.0 0.0 0 
0.0 0.0 0.0 0.24650969995676275 0.04908133716466304 0.0 1.0 0.0 0 
0.0 0.0 0.0 0.031289576720775925 0.03237145879570173 0.0 0.0 0.0 0 
0.121875 0.41007326007326006 0.5090164718468538 0.3497348506580691 0.11964255416207957 0.5943699951018323 0.0 0.0 1 
0.19027777777777777 0.49572649572649574 0.5418490112719547 0.13598840827364844 0.028771293348384 0.16674880106202272 0.0 0.0 1 
0.078125 0.25 0.22751986796871915 0.22353086387452992 0.007744999347372342 0.08277522156400263 0.0 0.0 0 
0.05 0.09090909090909091 0.0 0.007375613505572476 0.0 0.0 0.0 0.0 0 
0.0 0.0 0.0 0.0 0.0 0.0 0.0 0.0 1 
0.0 0.0 0.0 0.0 0.0 0.0 0.0 0.0 0 
0.12675025344261037 0.3669459695736036 0.40215139970211977 0.5016132728932289 0.14222040289587937 0.1291434667826576 1.0 0.0 0 
0.10535352476298851 0.24007984446604846 0.17792964722538546 0.35135127076143524 0.09639703859598626 0.16552548848091694 1.0 0.0 0 
0.0 0.0 0.0 0.2620799831359415 0.0 0.0 0.0 0.0 0 
0.06746031746031746 0.26785714285714285 0.3151592867448594 0.22368964109254308 0.12997440779830136 0.11739393538794005 0.0 0.0 1 
0.0 0.0 0.0 0.19409446894908533 0.0 0.0 0.0 0.0 0 
0.08333333333333333 0.25 0.21576155433883568 0.10796214444453445 0.056800042185757044 0.0 0.0 0.0 0 
0.0 0.0 0.0 0.35940809332076096 0.11707033408750596 0.29693934777936354 0.0 0.0 0 
0.049999999999999996 0.0875 0.04673598741858292 0.5990691676842717 0.20325767799422562 0.2187618439934957 0.0 0.0 0 
