0.0 0.0 0.0 0.0 0.0 0.0 0.0 0.0 0 
0.0 0.0 0.0 0.0 0.0 0.0 0.0 0.0 0 
0.0 0.0 0.0 0.0 0.0 0.0 0.0 0.0 0 
0.0 0.0 0.0 0.0 0.0 0.0 0.0 0.0 1 
0.0 0.0 0.0 0.0 0.0 0.0 0.0 0.0 0 
0.0 0.0 0.0 0.0 0.0 0.0 0.0 0.0 0 
0.0 0.0 0.0 0.0 0.0 0.0 0.0 0.0 0 
0.0 0.0 0.0 0.0 0.0 0.0 0.0 0.0 0 
0.3041666666666667 0.3416666666666667 0.33372569624431825 0.6452607224169088 0.3440804337996227 0.2673395240960403 1.0 0.0 0 
0.153125 0.396875 0.32506318545369284 0.3141814855149285 0.013544928770733766 0.0 0.0 0.0 0 
0.0 0.0 0.0 0.0 0.0 0.0 0.0 0.0 0 
0.0 0.0 0.0 0.0 0.0 0.0 0.0 0.0 0 
0.6 0.6 0.6 0.5321526639993444 0.574282670371099 0.6393811076679435 0.0 0.0 1 
0.0 0.0 0.0 0.40543882105182383 0.144068652598961 0.22245597282727908 0.0 0.0 1 
0.0 0.0 0.0 0.0 0.0 0.0 0.0 0.0 0 
0.0 0.0 0.0 0.0 0.0 0.0 0.0 0.0 0 
0.0 0.0 0.0 0.0 0.0 0.0 0.0 0.0 0 
0.0 0.0 0.0 0.0 0.0 0.0 0.0 0.0 0 
0.1 0.16666666666666666 0.0911607783969773 0.48582468238964405 0.10203293996605417 0.014654030093183225 0.0 0.0 0 
0.19666666666666668 0.48983516483516487 0.48145244416259747 0.6150912206374457 0.23976683030701648 0.0 1.0 0.0 0 
0.175 0.4041666666666667 0.4565406482549613 0.6187977694110612 0.1568988257718378 0.05199256572212703 1.0 0.0 1 
0.1775 0.31833333333333336 0.23891873760703386 0.6875419992422829 0.323360261956296 0.36052615879374633 1.0 0.0 0 
0.0 0.0 0.0 0.2883156716261279 0.11927703424039575 0.21469601320673307 1.0 0.0 0 
0.0 0.0 0.0 0.2661935473317768 0.09405568065272424 0.13025286211124362 0.0 0.0 1 
0.0772005772005772 0.11742424242424242 0.06709307866967425 0.3874280782916495 0.16652332783680232 0.12656954887876026 0.0 0.0 0 
0.0 0.0 0.0 0.31442073211072086 0.10748159854778805 0.1355981838789669 1.0 0.0 0 
0.0 0.0 0.0 0.46460567867697966 0.13333465537381362 0.11959067183966493 0.0 0.0 0 
0.0 0.0 0.0 0.0 0.0 0.0 0.0 0.0 0 
0.0 0.0 0.0 0.0 0.0 0.0 0.0 0.0 0 
0.0 0.0 0.0 0.0 0.0 0.0 0.0 0.0 0 
0.38958333333333334 0.6891711229946524 0.7948691014574871 0.44114385511551735 0.12631898201380287 0.18186497355793468 1.0 0.0 0 
0.12314814814814815 0.3813131313131313 0.47296763314079204 0.4399666764068475 0.04199882814439489 0.13445494059821358 1.0 0.0 0 
0.20902777777777776 0.5821895424836602 0.7308730288109937 0.4118740867563637 0.1034861903548933 0.23973898447047717 1.0 0.0 1 
0.0625 0.23076923076923078 0.2209163761395196 0.7011804561034769 0.36163192060967003 0.38086309730137 0.0 0.0 0 
0.0 0.0 0.0 0.0 0.0 0.0 1.0 0.0 0 
0.0 0.0 0.0 0.0 0.0 0.0 0.0 0.0 0 
0.0 0.0 0.0 0.0 0.0 0.0 1.0 0.0 0 
0.0 0.0 0.0 0.0 0.0 0.0 0.0 0.0 0 
0.0 0.0 0.0 0.0 0.0 0.0 0.0 0.0 0 
0.0 0.0 0.0 0.2847816503567089 0.024599939625347917 0.02180785172740648 1.0 0.0 0 
0.0 0.0 0.0 0.0 0.0 0.0 0.0 0.0 0 
0.0 0.0 0.0 0.0 0.0 0.0 0.0 0.0 0 
0.334375 0.49252136752136755 0.4019877324611569 0.3282524803657516 0.14838652034740685 0.12491339130268646 1.0 0.0 0 
0.0367063492063492 0.1 0.07192051811294523 0.48656059984812017 0.040388245331876294 0.0 1.0 0.0 1 
0.0 0.0 0.0 0.0 0.0 0.0 1.0 0.0 0 
0.0 0.0 0.0 0.0 0.0 0.0 0.0 0.0 0 
0.3875 0.4338235294117647 0.43375045365571696 0.30554284295970946 0.7113316718243681 0.6084751266053198 0.0 0.0 0 
0.0 0.0 0.0 0.6779036819273707 0.13197576004091482 0.12191537798446425 0.0 0.0 1 
0.5833333333333334 0.7222222222222222 0.6438410362258904 0.8102054013063313 0.9605279949859133 0.8424806391932621 0.0 0.0 0 
0.10466773625086255 0.3870776586027426 0.4803691089006786 0.1614380496576876 0.03961623395564009 0.0 1.0 0.0 0 
0.0 0.0 0.0 0.632265527911656 0.18300576833867607 0.022282684864770308 1.0 0.0 0 
0.0 0.0 0.0 0.6164276765035631 0.23777630914281164 0.23848833976737646 1.0 0.0 1 
0.0 0.0 0.0 0.443077862379756 0.04439144554085128 0.07439719094968959 1.0 0.0 1 
0.0 0.0 0.0 0.0 0.0 0.0 1.0 0.0 0 
0.0 0.0 0.0 0.0 0.0 0.0 0.0 0.0 0 
0.0 0.0 0.0 0.35828674760313317 0.0 0.13331822598137383 0.0 0.0 0 
0.0 0.0 0.0 0.3587317515608319 0.07897382075328575 0.17671714764364127 1.0 0.0 0 
0.0 0.0 0.0 0.5086925243941685 0.12208797324902311 0.17453581788056421 1.0 0.0 1 
0.39646464646464646 0.592436974789916 0.6803732557386494 0.6332775308552583 0.6239527493444434 0.6510435018866575 1.0 0.0 1 
0.12301587301587301 0.23214285714285715 0.25502256622429686 0.30361816016125087 0.10704201450602159 0.10462281909680127 1.0 0.0 0 
0.1111111111111111 0.1732142857142857 0.09181865223834923 0.7249738662261039 0.4426618160796188 0.23822311532337961 1.0 0.0 0 
0.2708333333333333 0.33541666666666664 0.346130453025962 0.4454947938949254 0.17693644320327742 0.22873966559350947 1.0 0.0 0 
0.19246031746031747 0.5024140211640211 0.5015056634275591 0.48603417012961814 0.18128180980798558 0.34809218694639665 0.0 0.0 0 
0.24939117419210485 0.39663347998757414 0.4249971346059018 0.7158551236030816 0.19872733737277803 0.34209501372139567 1.0 0.0 0 
0.41049107142857144 0.6131512493354598 0.6320373143861819 0.39132545251897155 0.15290424288366225 0.3570321607611045 1.0 0.0 1 
0.22255291005291006 0.5215277777777778 0.49981646271994384 0.4099555995837627 0.10003934629731132 0.2195274526231279 1.0 0.0 1 
0.2386668637891276 0.43815060975234565 0.47578100254797984 0.45300971141582536 0.1280352502154056 0.2587178902554166 1.0 0.0 0 
0.13849275724275725 0.3990670787545787 0.4048063420645944 0.2975617549739621 0.14553289448147871 0.3263427836871467 1.0 0.0 0 
0.1640625 0.4295576563958917 0.4540704454663882 0.4128020117525725 0.1657000744852806 0.27178544102400287 1.0 0.0 1 
0.03333333333333333 0.1111111111111111 0.0911607783969773 0.1972637011283953 0.07235671699004854 0.0 0.0 0.0 0 
0.5051136363636364 0.6023809523809524 0.49630603549908836 0.41562238894597936 0.2659683809502823 0.5369665642395792 0.0 0.0 1 
0.04120879120879121 0.1556122448979592 0.15684905357385148 0.3920928227042395 0.12062780478503879 0.11863284524102238 0.0 0.0 0 
0.21483134920634916 0.5858951914098973 0.6790321440566767 0.4079357239116783 0.13507952762829245 0.32596221088449207 1.0 0.0 0 
0.2744047619047619 0.691206610849468 0.8315507291059504 0.7055665017241921 0.24173136178858937 0.20840691315665644 1.0 0.0 1 
0.18041125541125538 0.4733455882352941 0.5215038323284692 0.2795636966981838 0.025652737076394524 0.28145100881569873 1.0 0.0 0 
0.19826839826839826 0.5052083333333333 0.588878394920055 0.1218193128158328 0.025398073266578405 0.2155357602281913 1.0 0.0 1 
0.18229166666666669 0.421713702963703 0.3783773294351376 0.45235551337612545 0.09454278215081206 0.4019769420948216 1.0 0.0 0 
0.35416666666666663 0.7159601019895137 0.7784611663679065 0.5990847597072556 0.253822305139623 0.2742583033134958 0.0 0.0 0 
0.20634920634920634 0.5113782051282051 0.5676695900150056 0.15646725480208767 0.05178886883096001 0.02030836162144026 0.0 0.0 0 
0.6145833333333333 0.8385052447552448 0.9128231366242557 0.5663685471468621 0.4063392618140426 0.5660714412986372 0.0 0.0 1 
0.12326388888888888 0.3793706293706294 0.32958564318377537 0.14973675808088605 0.06996019537761966 0.17037054032311058 0.0 0.0 0 
0.18511904761904763 0.6053571428571428 0.692874346877963 0.655236815787568 0.19262566436666206 0.4002310143322259 1.0 0.0 1 
0.4119047619047619 0.6385317460317459 0.6892800155889549 0.6621875133067766 0.2580509873070262 0.3848234082003275 1.0 0.0 1 
0.19791666666666666 0.5068681318681318 0.6002529366620362 0.5791607904600672 0.1509031396002651 0.21944406968133523 1.0 0.0 1 
0.3611111111111111 0.5311480186480186 0.5053037423488683 0.5829717326187853 0.1825342757392541 0.1919154102954926 1.0 0.0 0 
0.11919642857142856 0.33593073593073597 0.33090676210242964 0.45057268888697 0.054032438259945845 0.04315708605511807 0.0 0.0 0 
0.19642857142857142 0.48660714285714285 0.5117176698041892 0.3349464146961856 0.1359792105659775 0.30413627416058064 0.0 0.0 0 
0.1 0.16666666666666666 0.0911607783969773 0.27780549879947003 0.05416130209727916 0.05305150155629121 0.0 0.0 0 
0.20833333333333331 0.36851851851851847 0.3798613442750255 0.6412502302712251 0.34972463858225206 0.19586506271452425 1.0 0.0 0 
0.207010582010582 0.3138888888888889 0.1672417842856851 0.43503802145149906 0.10545241009509777 0.27434564557824537 1.0 0.0 0 
0.25042087542087543 0.4860273169096698 0.4702915931505711 0.3811367769807117 0.16833316473284496 0.32355094704511833 1.0 0.0 1 
0.0 0.0 0.0 0.18835782177212113 0.1527451457414612 0.30055918424162986 1.0 0.0 0 
0.19047619047619044 0.4866978609625668 0.5282412316543281 0.32777434376555636 0.08794713704240342 0.2813330604352637 0.0 0.0 0 
0.2375 0.5043956043956044 0.514288173867227 0.5238503046592908 0.25009505663469295 0.3740108883471596 1.0 0.0 0 
0.13666666666666666 0.20833333333333331 0.11892088103751877 0.40035345291034496 0.2157920091711433 0.23064311319104466 1.0 0.0 0 
0.22833333333333333 0.39444444444444443 0.3970003629245735 0.3235857007478766 0.1292467067202669 0.32988709725288584 1.0 0.0 0 
0.0 0.0 0.0 0.040592657559021195 0.0 0.0 0.0 0.0 0 
0.0 0.0 0.0 0.0 0.0 0.0 0.0 0.0 0 
0.0 0.0 0.0 0.0 0.0 0.0 0.0 0.0 0 
0.1824074074074074 0.25 0.11401416820725169 0.6808786243151974 0.3150111626539323 0.2105081152153653 0.0 0.0 0 
0.0 0.0 0.0 0.0 0.0 0.0 1.0 0.0 0 
0.20555555555555555 0.30108024691358026 0.3334386253904441 0.5796919768640212 0.16726690166972064 0.3732842469434312 1.0 0.0 1 
0.0 0.0 0.0 0.0 0.0 0.0 0.0 0.0 0 
0.16269841269841268 0.4166666666666667 0.5064994167887811 0.10629764907971506 0.09100722591416309 0.0 1.0 0.0 0 
0.0 0.0 0.0 0.0 0.0 0.0 1.0 0.0 0 
0.5833333333333334 0.5833333333333334 0.5833333333333334 0.3660250914911063 0.16736730852250353 0.2545370281364298 0.0 0.0 0 
0.39999999999999997 0.5714285714285715 0.6666666666666666 0.197878580976816 0.10414287643001277 0.11881797120155971 1.0 0.0 0 
0.125 0.5 0.6354733952904028 0.07878003592902827 0.015541559860891922 0.10513423182004329 0.0 0.0 0 
0.13194444444444442 0.483065953654189 0.5519308704954113 0.42347688751504997 0.12188688491931164 0.1105070010337916 0.0 0.0 0 
0.0 0.0 0.0 0.2980050606734884 0.15726946171414358 0.014185201620485761 0.0 0.0 1 
0.0 0.0 0.0 0.3744280931871955 0.0408759412703973 0.0 0.0 0.0 0 
0.0 0.0 0.0 0.6767121677380332 0.1899073164211198 0.30723091304574934 0.0 0.0 1 
0.0 0.0 0.0 0.0 0.0 0.0 0.0 0.0 0 
0.5467589187315214 0.5467589187315214 0.5467589187315214 0.0 0.0 0.0 0.0 0.0 0 
0.349487594912742 0.4086427654508344 0.4201583859348273 0.6936213483992232 0.2276799058972052 0.17677311853181985 1.0 0.0 1 
0.08611111111111111 0.3265856950067476 0.35638884325133796 0.7055054980899106 0.2715135363485769 0.23981461091773185 0.0 0.0 0 
0.0 0.0 0.0 0.43093062512727887 0.14884849681353032 0.3827138910193801 1.0 0.0 1 
0.7 0.7 0.7 0.7946582057136257 0.7591695736254472 0.7664703998400192 0.0 0.0 1 
0.4056547619047619 0.48863636363636365 0.48944214484246007 0.8573412958978921 0.6158734576667038 0.6241015468920489 0.0 0.0 0 
0.0 0.0 0.0 0.4550099050710572 0.13578600602675406 0.19713373253169544 0.0 0.0 1 
0.0 0.0 0.0 0.5284405968906898 0.15428528636355535 0.3144258235238481 0.0 0.0 0 
0.1111111111111111 0.2808493589743589 0.30242308685626185 0.39593476368016245 0.21495395759505245 0.2643155829606774 1.0 0.0 0 
0.0 0.0 0.0 0.4160384425480185 0.185026937934493 0.21945222278866033 1.0 0.0 1 
0.425 0.5694444444444444 0.625 0.10905023273546677 0.11188032347557521 0.39779651132669247 1.0 0.0 0 
0.057900432900432904 0.32821183393265774 0.3811156213702661 0.0672002907018876 0.06121953109792076 0.05734147545522375 0.0 0.0 0 
0.4694940476190476 0.5718408575551432 0.5221596838189028 0.32320702477507735 0.10316178759121167 0.13933992950512775 1.0 0.0 0 
0.0 0.0 0.0 0.3184981480565008 0.12267795106296626 0.26731799367697695 1.0 0.0 0 
0.0 0.0 0.0 0.6283836722014762 0.22655449116869716 0.3629266016221286 1.0 0.0 1 
0.0 0.0 0.0 0.0 0.0 0.0 1.0 0.0 0 
0.0 0.0 0.0 0.0 0.0 0.0 0.0 0.0 0 
0.0 0.0 0.0 0.45013560406333974 0.20418795359308645 0.16874261388151732 0.0 0.0 0 
0.2916666666666667 0.5 0.5833333333333334 0.676902612476324 0.21487756207600467 0.04974201760829189 0.0 0.0 0 
0.11375661375661375 0.3426704014939309 0.3814010570931686 0.4334022624835516 0.12064450187055445 0.1784530146888212 0.0 0.0 0 
0.10779520928976781 0.32055294821766966 0.34922900856097355 0.5297490071547009 0.22758437423768682 0.2590736766540688 0.0 0.0 0 
0.08796702483244741 0.2954164225972121 0.3533140475584466 0.41471361747540536 0.16396946539917961 0.11828421246826097 0.0 0.0 0 
0.07034090909090909 0.305219298245614 0.3826886863127076 0.420658045118003 0.1132205105258439 0.13179248634198715 0.0 0.0 0 
0.09999999999999999 0.15 0.08630462173553427 0.6655435675660281 0.1812935928070043 0.13682030715480686 0.0 0.0 0 
0.0 0.0 0.0 0.3621499125292862 0.09499802047665272 0.029334319083014728 0.0 0.0 1 
0.0 0.0 0.0 0.40665386822801375 0.15253334846904837 0.14374469604029108 0.0 0.0 0 
0.0 0.0 0.0 0.4204403604074467 0.13794392626115884 0.0 0.0 0.0 0 
0.0 0.0 0.0 0.0 0.0 0.0 1.0 0.0 0 
0.0 0.0 0.0 0.0 0.0 0.0 0.0 0.0 0 
0.1 0.2857142857142857 0.2411620568168881 0.0 0.0 0.0 0.0 0.0 0 
0.0 0.0 0.0 0.28748707829411413 0.03232753088962953 0.09131763562317448 0.0 0.0 0 
0.10763888888888888 0.3981900452488688 0.4453755624181176 0.3244739950372253 0.08763212030755521 0.20474959740800358 0.0 0.0 1 
0.10999999999999999 0.39780219780219783 0.44000451401765595 0.38646591843378575 0.1486061180106521 0.3588405681950309 0.0 0.0 1 
0.09722222222222221 0.16666666666666666 0.07789331236430487 0.3476441906365877 0.06452729385995444 0.24141519951208748 1.0 0.0 0 
0.0 0.0 0.0 0.0 0.0 0.0 1.0 0.0 1 
0.5833333333333334 0.5833333333333334 0.5833333333333334 0.0 0.0 0.0 0.0 0.0 0 
0.6785714285714286 0.7156862745098039 0.7244289317133288 0.32817877587475763 0.5627438761857206 0.6969480995924678 0.0 0.0 1 
0.33134920634920634 0.49999999999999994 0.5307143461955066 0.9111921087348246 0.5298625719074963 0.6042217146995111 0.0 0.0 1 
0.6 0.6 0.6 0.0 0.0 0.0 0.0 0.0 0 
0.39999999999999997 0.5558823529411765 0.5926015131959809 0.2878523230111413 0.20391735935033264 0.35966011791955177 0.0 0.0 0 
0.0 0.0 0.0 0.009361505323282282 0.0 0.0 0.0 0.0 1 
0.0 0.0 0.0 0.15192778750362157 0.09851313937961086 0.037562008095965785 0.0 0.0 0 
0.0 0.0 0.0 0.04373595732682667 0.05099445699367709 0.0 0.0 0.0 1 
0.10307188980037613 0.252919053287306 0.20883499726913277 0.550050464795893 0.2646210467737392 0.43909047315717215 0.0 0.0 0 
0.14024362566578386 0.391870969092506 0.41990701593929747 0.4070338876551163 0.17634423062669294 0.39614007293903875 1.0 0.0 0 
0.08483051743178695 0.28217308956257553 0.30733401655539894 0.49090467047564323 0.15141324045214746 0.4511370808504836 1.0 0.0 1 
0.05555555555555555 0.09523809523809523 0.035120171885942096 0.30967642186391087 0.0902060453116898 0.26070755541419044 0.0 0.0 0 
0.0 0.0 0.0 0.25386598633729407 0.10385242413516818 0.07575562183224527 0.0 0.0 1 
0.33630952380952384 0.5631868131868132 0.6221446585666439 0.36093480360837715 0.2110997785133664 0.2658133740915672 0.0 0.0 1 
0.41666666666666663 0.41666666666666663 0.41666666666666663 0.3786605627595463 0.09467801072836592 0.2333835447265836 0.0 0.0 0 
0.1527777777777778 0.2037037037037037 0.1436122200473081 0.7602871681927339 0.4306433504452516 0.29926568715689633 1.0 0.0 0 
0.3296957671957672 0.6317324650657984 0.7208969792163291 0.8436917110910449 0.543476871648885 0.5534840718481021 1.0 0.0 0 
0.14596560846560847 0.41694917283152577 0.4670746912587873 0.7259236089203559 0.2619035521638548 0.3327200798630823 1.0 0.0 1 
0.14944083694083693 0.4241758241758241 0.41225081754653536 0.355280844343858 0.11190412924930049 0.3664455603130084 0.0 0.0 1 
0.08333333333333334 0.20833333333333331 0.1958348455190565 0.06545985873877425 0.0 0.0 1.0 0.0 1 
0.1207180010437259 0.2975045597224948 0.3296870430372562 0.5733752332044016 0.38491948885293753 0.0 1.0 0.0 0 
0.35 0.35 0.35 0.6448323908151604 0.36801130215564787 0.13995183820488583 1.0 0.0 1 
0.15082797516998628 0.48053694720179063 0.5768965870387879 0.7332505131791918 0.23370632734871497 0.31420708713896117 1.0 0.0 0 
0.2472222222222222 0.44062091503267975 0.5066657203452221 0.5758439821421021 0.11107685600830731 0.3203411013796036 1.0 0.0 0 
0.5121031746031747 0.7107079567605884 0.7465302243892897 0.9362912982206187 0.696420451128091 0.6067916547378349 1.0 0.0 1 
0.13690476190476192 0.44567460317460317 0.5362357008547058 0.5888569933309897 0.15824279550703788 0.373261081067937 1.0 0.0 0 
0.06729497354497355 0.2555668016194332 0.2746340223707773 0.124781527916913 0.015785052130280298 0.3423104874059815 0.0 0.0 0 
0.15357142857142858 0.4937343358395989 0.6033426542451508 0.6031798531428103 0.13057504562604788 0.024679994734759667 0.0 0.0 1 
0.31398809523809523 0.46649184149184153 0.46110668617268463 0.9253517609985735 0.5299069583598306 0.5235430918041276 0.0 0.0 1 
0.06296296296296297 0.3148148148148148 0.38845082535924724 0.07750883601478742 0.0 0.0625381790627153 0.0 0.0 0 
0.05218855218855219 0.18055555555555552 0.17284482855576705 0.625685629603891 0.20181353978521066 0.1146966779009217 0.0 0.0 0 
0.6583333333333333 0.8429411764705881 0.8470003629245736 0.7959122530243441 0.44969256370710403 0.5896778766204895 0.0 0.0 1 
0.03333333333333333 0.13333333333333333 0.11215741220707097 0.40564442630413455 0.09948373042542602 0.34636296003158284 0.0 0.0 1 
0.043333333333333335 0.20686274509803923 0.2446229482248808 0.4655478320768066 0.1467623749772626 0.15858108544823354 0.0 0.0 0 
0.098125 0.3592760180995475 0.4395819791006083 0.47903673673050773 0.09306002623152972 0.17005834950069612 1.0 0.0 0 
0.09328939909297052 0.3408730158730159 0.38820104336943895 0.5308907746258458 0.12463805843955336 0.3183557794152048 0.0 0.0 0 
0.07806122448979591 0.24721912320320105 0.21877595093499835 0.5729713500215384 0.18606265659700294 0.2390560728469878 0.0 0.0 1 
0.10583333333333333 0.3638461538461539 0.4169297870801697 0.49520384727719735 0.1284141398062884 0.10660459416240077 1.0 0.0 0 
0.10535353535353535 0.3624400871459695 0.4329479921398134 0.5210594066489624 0.11815782910646344 0.06256823055551292 1.0 0.0 0 
0.4286458333333333 0.6199612152553329 0.6413709721321623 0.7261267878120059 0.43205105220720824 0.39404481892400456 1.0 0.0 1 
0.14184027777777777 0.39246170496170496 0.4103115145104656 0.6727156963260505 0.19593518603355772 0.11772114522511244 0.0 0.0 0 
0.5625 0.5625 0.5625 0.8389996092115017 0.5163033412208732 0.5641026998102909 0.0 0.0 1 
0.0 0.0 0.0 0.38732436647737933 0.11628979766485327 0.08125878219155583 0.0 0.0 1 
0.4125 0.5229700854700854 0.3939629188321327 0.6392372716014334 0.6253383744097399 0.33344161786970555 0.0 0.0 0 
0.16121031746031744 0.4794642857142857 0.6240070697706048 0.7367106676296877 0.22350222714860374 0.23419808401539915 0.0 0.0 1 
0.19849537037037035 0.564484126984127 0.6873591156542682 0.562456296309295 0.1550985206390962 0.23290894538217108 1.0 0.0 0 
0.40909090909090906 0.4375 0.4076292663711112 0.9088995832099667 0.5471540863544789 0.39118823812785175 1.0 0.0 1 
0.05648148148148148 0.14590347923681257 0.09273682085969026 0.5793777770553357 0.14009060827545403 0.4302356168572528 1.0 0.0 0 
0.0 0.0 0.0 0.1403942205983819 0.016852891014892884 0.22742997237046295 0.0 0.0 0 
0.11656746031746032 0.48615529207634467 0.56683813077261 0.15246693472914852 0.05971161919557089 0.09937663213119556 0.0 0.0 0 
0.44791666666666663 0.532051282051282 0.5271248547364265 0.2833171661086604 0.6239471856962518 0.4980332173625369 0.0 0.0 1 
0.13174603174603175 0.4153613199665831 0.45107145645911173 0.21854163210149347 0.1114186023054264 0.2725228382172674 1.0 0.0 0 
0.3645833333333333 0.5958393458393458 0.6779305463951962 0.6507226885849363 0.4289824566252311 0.20341055753340948 1.0 0.0 0 
0.0 0.0 0.0 0.0 0.0 0.0 0.0 0.0 1 
0.11666666666666667 0.19444444444444442 0.10635424146314018 0.3047173041331752 0.08668438787926766 0.09544466967617558 0.0 0.0 1 
0.0 0.0 0.0 0.0 0.0 0.0 1.0 0.0 0 
0.0 0.0 0.0 0.33615404762193646 0.1763199056877589 0.16502816254519476 0.0 0.0 0 
0.10096153846153846 0.18253968253968253 0.08973424390577406 0.19984779889531512 0.07833872098272102 0.13200633824349156 0.0 0.0 0 
0.43181818181818177 0.48684210526315785 0.4884638193487424 0.4616133920950999 0.18837494003093164 0.26971222127711864 0.0 0.0 1 
0.05911680911680912 0.2552910052910053 0.3011626539255975 0.23287444905968036 0.02236391290665885 0.14296802019429364 1.0 0.0 0 
0.0 0.0 0.0 0.01613331509961724 0.06094364741831248 0.13188304376695356 1.0 0.0 1 
0.05952380952380952 0.19230769230769232 0.1689437950450685 0.06458764485910629 0.009686820113119995 0.2305477430185803 0.0 0.0 0 
0.10104166666666667 0.20386904761904762 0.20744605079602677 0.084842798646799 0.005079712519708219 0.10377881624695358 0.0 0.0 0 
0.11770833333333333 0.3763123885918004 0.4580789791361571 0.5485395781253382 0.24223466677017924 0.3690643748585075 0.0 0.0 0 
0.02820512820512821 0.14476190476190476 0.15054293868519436 0.09344515092490135 0.06661347203256711 0.04061282016568327 0.0 0.0 0 
0.175 0.5764705882352941 0.7 0.16781828267253018 0.10175061172732651 0.2118578055921002 0.0 0.0 1 
0.05034722222222222 0.20485036119711042 0.19378248516517643 0.0670946806622883 0.0 0.0 0.0 0.0 0 
0.08333333333333334 0.3055555555555556 0.35435313824201314 0.12879181598617606 0.07143516647230375 0.0 0.0 0.0 0 
0.6736111111111112 0.7017543859649122 0.7025652430077045 0.7131320772157137 0.8996450840998174 0.8059500979463929 0.0 0.0 1 
0.05555555555555555 0.14814814814814814 0.09589402415059363 0.004980981757292113 0.0353203079095964 0.1397232895673391 1.0 0.0 0 
0.28125 0.34090909090909094 0.3219205181129452 0.6321195255700138 0.21534728891438543 0.216222182442281 1.0 0.0 1 
0.046296296296296294 0.1388888888888889 0.11986753018824203 0.015449456416362195 0.05752028978670774 0.044448013005960296 0.0 0.0 0 
0.04513888888888889 0.18311651583710406 0.19876184330285793 0.39310748394111505 0.016169006477106465 0.15632081753117932 0.0 0.0 0 
0.1047979797979798 0.354985754985755 0.43213530547147827 0.41117829566583386 0.05843172592823281 0.2207636444479096 0.0 0.0 0 
0.40277777777777773 0.5759175465057819 0.6523439261165775 0.3343329703747182 0.16454748604904 0.12345103265662756 0.0 0.0 1 
0.15000000000000002 0.25 0.13674116759546595 0.34800993439534134 0.06901536221596155 0.0004464947819630299 0.0 0.0 0 
0.0 0.0 0.0 0.13098776411177027 0.058075965726289425 0.0447326749789981 0.0 0.0 0 
0.2111111111111111 0.3194444444444444 0.18300800532970174 0.37656071046850514 0.1119929296828556 0.0 0.0 0.0 1 
0.0 0.0 0.0 0.3015473907864361 0.11430793101118951 0.2770221076904086 0.0 0.0 0 
0.2690972222222222 0.42994281045751637 0.49154926289789624 0.8797251077063714 0.5682418887777351 0.5894329483176604 1.0 0.0 0 
0.11597222222222223 0.442550505050505 0.5600978665755173 0.41969849238164647 0.20499619201406216 0.2933726391499855 1.0 0.0 1 
0.037500000000000006 0.11538461538461539 0.06837058379773298 0.41548119378909876 0.15807648179097097 0.25672269253028906 1.0 0.0 1 
0.08912037037037038 0.3999368686868687 0.5415111068597167 0.4419412980302184 0.1358061831619348 0.38907269227971236 0.0 0.0 0 
0.2099206349206349 0.44825354384177907 0.41413153326227936 0.2672452112005279 0.13340335750976132 0.16355757657508527 0.0 0.0 0 
0.09999999999999999 0.35563909774436087 0.4572550966858424 0.32696815021902625 0.08693544523888086 0.4416665675193185 0.0 0.0 1 
0.16468253968253965 0.37407407407407406 0.2883863645841773 0.25196324926463687 0.061951319702478407 0.09947517524006534 1.0 0.0 0 
0.5053571428571428 0.6625901875901876 0.6882809741280829 0.8408356820605045 0.6504218271036794 0.5710411702270417 1.0 0.0 1 
0.12261904761904761 0.3435714285714286 0.32683814489744906 0.2438544357883774 0.008178723493541588 0.0070689422197593894 0.0 0.0 0 
0.08744658119658119 0.26470588235294124 0.3406549587988441 0.37767047808946774 0.061042691186165565 0.11975335184367923 1.0 0.0 0 
0.6 0.6 0.6 0.0 0.0 0.0 1.0 0.0 1 
0.48506493506493503 0.5879644165358451 0.5951551220069669 0.5658732328080643 0.3069853295827493 0.3352592211588662 1.0 0.0 1 
0.0 0.0 0.0 0.0 0.0 0.0 1.0 0.0 0 
0.5714285714285714 0.5714285714285714 0.5714285714285714 0.0 0.0 0.0 0.0 0.0 0 
0.23287037037037037 0.4656223893065998 0.5248707257222831 0.23568894841798882 0.06728460926078764 0.2468251042888478 0.0 0.0 1 
0.5788548752834467 0.7312009419152277 0.6881480380918223 0.28610593834849696 0.27780734700195525 0.6171762473691674 0.0 0.0 1 
0.08813131313131314 0.33847117794486214 0.4525652430077045 0.48179247953947024 0.13069015827186656 0.20812081205176322 0.0 0.0 0 
0.2569444444444444 0.2833333333333333 0.2858985763410378 0.45825876764929574 0.4309722477697412 0.2634392921106986 0.0 0.0 1 
0.08333333333333334 0.2777777777777778 0.3647786405641249 0.1757573277119009 0.0 0.1388230254039536 0.0 0.0 0 
0.3227040816326531 0.44439220909809146 0.4254267768944367 0.1238660828693986 0.050620203558468385 0.17378945219343353 1.0 0.0 0 
0.29611678004535147 0.494281045751634 0.5547877662883638 0.4966461027597203 0.14730502675609947 0.12524606880762965 1.0 0.0 0 
0.0 0.0 0.0 0.0 0.0 0.0 1.0 0.0 1 
0.41666666666666663 0.41666666666666663 0.41666666666666663 0.16857341494015854 0.0 0.26969835670398584 1.0 0.0 1 
0.75 0.75 0.75 0.0 0.0 0.0 0.0 0.0 0 
0.0 0.0 0.0 0.0 0.0 0.0 1.0 0.0 0 
0.0 0.0 0.0 0.0 0.0 0.0 0.0 0.0 1 
0.0 0.0 0.0 0.0 0.0 0.0 0.0 0.0 0 
0.0 0.0 0.0 0.0 0.0 0.0 0.0 0.0 1 
0.0 0.0 0.0 0.0 0.0 0.0 0.0 0.0 1 
0.1314935064935065 0.4916477702191988 0.5942457780419812 0.07763885907234858 0.013190823779239275 0.25574348013645143 0.0 0.0 0 
0.2517857142857143 0.6616932603000715 0.8001009793574678 0.10989993666434861 0.0005245827717588513 0.0796786399681592 0.0 0.0 0 
0.11875 0.3727272727272728 0.4372823868131608 0.32837702398738833 0.10830885699823128 0.05941607121991288 0.0 0.0 0 
0.09932621390954724 0.2526766262060379 0.17463125059411078 0.6007045151471696 0.2382735451679342 0.36503413520281164 1.0 0.0 0 
0.19574443886762644 0.4599374110092863 0.5449009532494169 0.648423937699856 0.18450081687972017 0.5559325074799288 0.0 0.0 0 
0.17824074074074073 0.275 0.0879028554713775 0.40166128311219396 0.10391030204192536 0.04093046087499027 0.0 0.0 1 
0.10487746557177033 0.20649296745955192 0.20543458928125113 0.5099343287607567 0.10354887391709688 0.0 1.0 0.0 0 
0.20047534518301857 0.5282667871662092 0.6222628760522074 0.740564049635538 0.28341477694243017 0.4318557196344516 1.0 0.0 1 
0.0 0.0 0.0 0.0 0.0 0.0 0.0 0.0 0 
0.0 0.0 0.0 0.00392392836127331 0.034525674381076114 0.0 0.0 0.0 0 
0.22708333333333336 0.5684640522875818 0.6296827831596074 0.6788873897554641 0.1972644433565126 0.32728246491626106 1.0 0.0 0 
0.1423611111111111 0.4883470932232542 0.5994289317133288 0.19437893495458425 0.11122743323192551 0.09857690815031456 1.0 0.0 1 
0.0 0.0 0.0 0.0 0.0 0.0 1.0 0.0 1 
0.13481481481481483 0.418989898989899 0.45083627076044386 0.33497474356204937 0.09351111919208588 0.2730858343692703 1.0 0.0 0 
0.27777777777777773 0.6789473684210526 0.7625606908172603 0.3962942210794538 0.13241230686008393 0.3534877022479444 1.0 0.0 1 
0.07797619047619048 0.31066647812971343 0.35285265519571773 0.18482133908365994 0.03506000257727681 0.03525864194080728 1.0 0.0 0 
0.13020833333333331 0.4677294197031039 0.5455345527480531 0.24329353615528504 0.0489868549048447 0.1572010172429636 1.0 0.0 0 
0.05507478632478632 0.2819616977225673 0.31091658651475684 0.07672906032966109 0.02564746886194626 0.3768432440629087 1.0 0.0 1 
0.0 0.0 0.0 0.0 0.0 0.0 1.0 0.0 0 
0.0 0.0 0.0 0.0 0.0 0.0 0.0 0.0 0 
0.0 0.0 0.0 0.0 0.0 0.0 0.0 0.0 1 
0.06885521885521886 0.2857142857142857 0.31820062581145747 0.16152496178453846 0.024459009802738216 0.04689533840482914 0.0 0.0 0 
0.07685185185185185 0.2760683760683761 0.24547080887869496 0.20532853722153344 0.09451608288719332 0.1324759505867287 0.0 0.0 1 
0.12268518518518517 0.39914529914529917 0.44885786342665757 0.40104435166532537 0.0701287568493359 0.2816686560362688 1.0 0.0 0 
0.20185185185185184 0.4282661782661782 0.3558960518434465 0.37797848013674007 0.1826872622607696 0.24126779048228542 1.0 0.0 1 
0.16944444444444445 0.46520146520146516 0.540193676136148 0.3301711023248408 0.03631464054623618 0.24982701296363155 1.0 0.0 1 
0.16666666666666666 0.48484848484848486 0.6108604879161034 0.28125910646429286 0.14159212404501847 0.05988606149184139 1.0 0.0 0 
0.11269841269841269 0.325645813881108 0.30036377824264293 0.4926947470686923 0.15071294134576815 0.18966902452421308 1.0 0.0 1 
0.125 0.38111888111888115 0.46461367874196347 0.46856625439509014 0.1543519782338929 0.029405308269075246 0.0 0.0 0 
0.44999999999999996 0.6166666666666667 0.621369720441159 0.7183011030909658 0.2298351650828942 0.3659071555333677 0.0 0.0 0 
0.0619047619047619 0.20701754385964913 0.2188690241912875 0.4244491754343592 0.052753908995116075 0.14823584939269419 1.0 0.0 0 
0.375 0.4660714285714285 0.4456865819276384 0.6921054759274611 0.493578883626825 0.45831947928151223 1.0 0.0 1 
0.12380952380952381 0.3951754385964912 0.43598287687349535 0.3161372816670398 0.052085099662141296 0.0 0.0 0.0 0 
0.8333333333333333 0.8333333333333333 0.8333333333333333 0.6070135925999115 0.8126339287569757 0.8338469819119341 0.0 0.0 1 
0.0 0.0 0.0 0.0 0.0 0.0 1.0 0.0 0 
0.0 0.0 0.0 0.0 0.0 0.0 0.0 0.0 0 
0.078125 0.27840909090909094 0.2876820724517809 0.1975341054527633 0.06952475302159279 0.0 0.0 0.0 0 
0.3125 0.8351648351648351 1.0 0.08753337468468181 0.0 0.3080635494204182 0.0 0.0 1 
0.02976190476190476 0.09615384615384616 0.08447189752253426 0.6185780360544096 0.2855653068565371 0.25007423620523433 1.0 0.0 0 
0.08125 0.23295454545454547 0.23855174893808 0.48595120565412897 0.15441758162222977 0.06967172871303463 1.0 0.0 1 
0.11527777777777777 0.3077651515151515 0.38114758247159963 0.38885526659485414 0.10142802965970238 0.28162235665460855 0.0 0.0 0 
0.03125 0.09090909090909091 0.07192051811294523 0.6251391219033287 0.15202882973596357 0.2538264909780239 0.0 0.0 1 
0.07638888888888888 0.21296296296296297 0.1759507100950755 0.4483576516566641 0.16892901062575108 0.0 0.0 0.0 0 
0.07407407407407407 0.2222222222222222 0.19178804830118726 0.2517778956075296 0.09422571078943154 0.07715432628818845 1.0 0.0 0 
0.75 0.75 0.75 0.5410620326600416 0.7465296510500962 0.7149050968993655 0.0 0.0 0 
0.0 0.0 0.0 0.49471625841262756 0.15259742708760227 0.1440588030422411 1.0 0.0 1 
0.0 0.0 0.0 0.044526593302986806 0.03805038053836349 0.0 0.0 0.0 0 
0.05555555555555555 0.17777777777777778 0.13842624318549632 0.299816949309738 0.169050038170102 0.17453705929073107 0.0 0.0 0 
0.09722222222222222 0.3096969696969697 0.2823524841552026 0.42867792724845555 0.05567897111325142 0.09966108479344526 0.0 0.0 0 
0.35 0.35 0.35 0.9395312417218469 0.5079069191431859 0.4859195729295483 0.0 0.0 0 
0.0 0.0 0.0 0.0 0.0 0.0 0.0 0.0 1 
0.18650793650793648 0.4571428571428572 0.4820113220991306 0.255253236897272 0.049105740542023386 0.1332158634527623 0.0 0.0 1 
0.0 0.0 0.0 0.0 0.0 0.0 0.0 0.0 0 
0.0 0.0 0.0 0.0 0.0 0.0 0.0 0.0 0 
0.04166666666666667 0.15625 0.15612227060058778 0.22800940907663358 0.0 0.13559510107741865 1.0 0.0 1 
0.2361111111111111 0.43809523809523815 0.336475741236541 0.6052529841890304 0.25649282444215654 0.5391881569150849 1.0 0.0 1 
0.25603174603174605 0.429563492063492 0.4357949306518283 0.425929381001831 0.17344183891687037 0.4544058653913485 1.0 0.0 0 
0.14616402116402116 0.5256410256410257 0.6962935585377614 0.005250987777546623 0.0 0.26330893563706 0.0 0.0 0 
0.09375 0.4411764705882353 0.5198603854199589 0.015949299747126888 0.0 0.15147860912351538 0.0 0.0 0 
0.17929292929292928 0.5534644905533064 0.6330069640433074 0.16257692333028761 0.12872856931103335 0.33290594293138126 1.0 0.0 0 
0.09375 0.4411764705882353 0.5198603854199589 0.015949299747126888 0.0 0.15147860912351538 1.0 0.0 1 
0.09226190476190477 0.3007575757575758 0.366812410221701 0.685050650873876 0.17212010038223965 0.24949410273968903 1.0 0.0 0 
0.125 0.5 0.6354733952904028 0.0 0.03894886858591444 0.027849825243088606 0.0 0.0 0 
0.11647727272727273 0.34415584415584416 0.2411620568168881 0.0 0.014662023732002948 0.09838904107214513 0.0 0.0 0 
0.0 0.0 0.0 0.28882293825112915 0.10040658345032202 0.07260630735760387 0.0 0.0 0 
0.25 0.4 0.34657359027997264 0.49291805103199393 0.2671377291656965 0.07590786734019558 0.0 0.0 0 
0.0 0.0 0.0 0.3309822768589532 0.16550706032479634 0.148432075968875 0.0 0.0 1 
0.0875 0.4509803921568627 0.5756462732485114 0.0015932946894494648 0.0 0.0 1.0 0.0 0 
0.4374999999999999 0.45512820512820507 0.43519365970509716 0.07727900344789618 0.21233915540350898 0.5731029876611402 0.0 0.0 0 
0.4133522727272727 0.4743589743589744 0.447435982760928 0.08730649840492233 0.08898524452982268 0.3757719752419719 0.0 0.0 1 
0.058333333333333334 0.22638146167557932 0.24555095635158675 0.26205687974952463 0.10172997839190338 0.4316074473787735 1.0 0.0 0 
0.375 0.4545454545454546 0.4860484553123592 0.72454560635427 0.6922672092768338 0.821318028333196 0.0 0.0 0 
0.3125 0.6818181818181818 0.7984544716142312 0.2529648882316624 0.09188279141304444 0.47709633672430896 1.0 0.0 1 
0.16666666666666666 0.38750000000000007 0.4145101933716849 0.145990209015062 0.0 0.16540962294118272 1.0 0.0 0 
0.06157407407407407 0.15025252525252525 0.10928558942041144 0.5683097829855214 0.26282105958923224 0.19230401766904345 1.0 0.0 0 
0.0625 0.1380952380952381 0.03853766995681459 0.670567467982553 0.22859112951731153 0.1471099265526988 1.0 0.0 1 
0.31666666666666665 0.4965384615384615 0.49699169075708727 0.5128817019878051 0.12048551693518762 0.3668552044818616 1.0 0.0 1 
0.16792929292929293 0.30138888888888893 0.18628289769592993 0.5187233351490075 0.17984297383620254 0.10938475158252514 0.0 0.0 0 
0.03611111111111111 0.1525 0.16310415626542268 0.5227397253948485 0.04465150949849938 0.14977355925236208 0.0 0.0 0 
0.09480519480519481 0.26857142857142857 0.23812117204492828 0.0020457914251701403 0.024301764205578644 0.24687506734631678 0.0 0.0 1 
0.6284090909090909 0.7386662357250593 0.743233754236739 0.08141392747274856 0.1360206206684438 0.3931552190704383 0.0 0.0 0 
0.23898809523809525 0.42993233618233617 0.46997988806491553 0.24002277444813436 0.16656028318533167 0.3034202882376368 0.0 0.0 0 
0.4168981481481482 0.6444800569800571 0.6734348965785106 0.5903880171455748 0.6611012939131873 0.6580846289477417 0.0 0.0 1 
0.04596560846560846 0.16758563074352548 0.17657823160938177 0.39245598551433547 0.1338322672240191 0.2594070778549061 1.0 0.0 0 
0.1363095238095238 0.3870421245421245 0.4149582882374345 0.4199714109426941 0.06252498827679272 0.36321180598602854 1.0 0.0 0 
0.2743055555555555 0.4658119658119658 0.40433585532663474 0.45970668526760095 0.10845801753628546 0.4181858441802359 1.0 0.0 1 
0.3553571428571428 0.5401960784313726 0.5410139362557935 0.9279812344092615 0.5326073579587879 0.6693822342394707 0.0 0.0 0 
0.06845238095238096 0.12037037037037038 0.04451046420817421 0.44017581041097986 0.07478283661211768 0.31414670735934536 0.0 0.0 0 
0.0 0.0 0.0 0.2635515024720192 0.2456895610039232 0.40167785624048824 1.0 0.0 1 
0.4629629629629629 0.5333333333333333 0.446787443426898 0.3443722728962124 0.10270198995158321 0.36317009896116204 1.0 0.0 1 
0.0 0.0 0.0 0.0 0.0 0.0 0.0 0.0 1 
0.6375 0.6477272727272727 0.6358764221237038 0.13502739957760534 0.3262794579345564 0.7318913471784039 0.0 0.0 1 
0.0 0.0 0.0 0.47673642317716747 0.15150360346103567 0.0 0.0 0.0 0 
0.16337868480725623 0.3301587301587301 0.2720305245789363 0.527753894880567 0.1497022274167807 0.04997329620095594 1.0 0.0 0 
0.0 0.0 0.0 0.39484398309913926 0.17759674081728735 0.27435927723833375 1.0 0.0 0 
0.07407407407407407 0.13333333333333333 0.07024034377188419 0.02553895614406132 0.0 0.2859360543558366 1.0 0.0 1 
0.0 0.0 0.0 0.3746491284042516 0.1269104544572735 0.48340730665623177 0.0 0.0 0 
0.6375 0.6477272727272727 0.6358764221237038 0.13502739957760534 0.3262794579345564 0.7318913471784039 1.0 0.0 0 
0.07916666666666666 0.1466346153846154 0.07171560939968419 0.10417630921818632 0.14000829638625767 0.36083056918756123 0.0 0.0 0 
0.078125 0.3472222222222222 0.4332169878499658 0.06204991574158336 0.06730064681593628 0.17273172562194927 0.0 0.0 1 
0.08888888888888888 0.35 0.3972429764936446 0.19265463403350291 0.04319971613909793 0.08141403541555454 0.0 0.0 0 
0.4 0.5678571428571428 0.5955607259441505 0.19719462793226072 0.05338758045802452 0.15107279981515542 0.0 0.0 1 
0.35178571428571426 0.4211538461538461 0.3358072091470037 0.42799131505489874 0.09329689589482308 0.04817898407083318 0.0 0.0 0 
0.27 0.39999999999999997 0.45 0.4097735159132436 0.18049103164200275 0.2908317329862054 0.0 0.0 1 
0.22208333333333333 0.4262044817927171 0.3353370683346343 0.5146450365205282 0.22059616112546754 0.21262184077378274 1.0 0.0 0 
0.0475 0.185 0.23944793172456064 0.3871303043882248 0.1240346677487106 0.3908418360553977 0.0 0.0 0 
0.15555555555555556 0.3159722222222222 0.3392523195266569 0.37277142966193266 0.12687618281210483 0.1368408589211172 1.0 0.0 1 
0.0 0.0 0.0 0.0 0.0 0.0 1.0 0.0 1 
0.375 0.375 0.375 0.34664660948596016 0.15925957758055628 0.42004467123358 1.0 0.0 1 
0.0 0.0 0.0 0.0 0.0 0.0 0.0 0.0 0 
0.41666666666666663 0.41666666666666663 0.28881132523331055 0.610840118198509 0.3229320774483422 0.31557061545492443 0.0 0.0 1 
0.0 0.0 0.0 0.0 0.0 0.0 0.0 0.0 0 
0.0 0.0 0.0 0.046674668366197825 0.02239975459315424 0.051431672091912094 0.0 0.0 0 
0.0 0.0 0.0 0.3407363596121249 0.1600666789479816 0.04740439205279401 0.0 0.0 0 
0.049999999999999996 0.0875 0.04673598741858292 0.6008369521630513 0.24012816579090626 0.24375572929639597 0.0 0.0 1 
0.3906746031746031 0.6182773109243698 0.6622110026891098 0.24226204213599956 0.09686926645835144 0.19579007286203445 0.0 0.0 1 
0.240625 0.29852941176470593 0.31164339756999315 0.2860268805361117 0.09314293474651572 0.13827247118465547 0.0 0.0 1 
0.223015873015873 0.5103104575163399 0.5486737770975727 0.4174063519376576 0.19365393451701746 0.3897290475990646 0.0 0.0 0 
0.12678571428571428 0.4534391534391535 0.5586096301828701 0.5427038461681737 0.31582378468426475 0.29794848392273954 0.0 0.0 1 
0.1 0.29911656970480505 0.38097779747307337 0.6145904309562602 0.18783013604499912 0.17835497414496396 1.0 0.0 0 
0.08944444444444445 0.3446969696969697 0.4125648527204454 0.6852546213197119 0.33368061487733475 0.2322864017752907 0.0 0.0 0 
0.33948863636363635 0.4592436974789916 0.41236904387059287 0.724395612502388 0.31270447897485776 0.36655512382724986 1.0 0.0 1 
0.43229166666666663 0.5526960784313726 0.40856391568293837 0.4320962072721869 0.12507476790746044 0.26756073985035195 1.0 0.0 1 
0.171875 0.5813725490196078 0.7012144957021418 0.20272944151783068 0.048510503939506684 0.13975629608591864 1.0 0.0 1 
0.4270833333333333 0.49839743589743585 0.367144273688633 0.4549529264494355 0.16687486582966943 0.4356672703882651 0.0 0.0 0 
0.184755291005291 0.5216476662835527 0.6322612067585966 0.6357708585011077 0.21649440721498012 0.048386527140395416 0.0 0.0 1 
0.16382575757575757 0.44556402769991404 0.46357495103631463 0.6172263382844553 0.2358421113993318 0.24100675216292422 1.0 0.0 0 
0.07394480519480519 0.33897435897435896 0.4416618614701965 0.21531561965633483 0.1262178752554922 0.3315440271914331 0.0 0.0 0 
0.53125 0.5909090909090909 0.560290514204222 0.4391381273495363 0.408149469579369 0.46549402385448235 0.0 0.0 1 
0.05555555555555555 0.16666666666666666 0.14384103622589045 0.2952924657062237 0.0 0.0 0.0 0.0 1 
0.1527777777777778 0.41666666666666663 0.4184941083929179 0.22770327754182618 0.036014920741018856 0.04742119658549178 0.0 0.0 0 
0.0 0.0 0.0 0.0 0.0 0.0 0.0 0.0 1 
0.0 0.0 0.0 0.0 0.0 0.0 0.0 0.0 0 
0.1 0.3076923076923077 0.34657359027997264 0.3205492374968195 0.06322136426062781 0.2598127446219758 0.0 0.0 1 
0.0 0.0 0.0 0.0 0.0 0.0 0.0 0.0 0 
0.14417989417989419 0.36944444444444446 0.4319461264269333 0.1954042516120038 0.05073078129042982 0.2275655000256342 0.0 0.0 0 
0.16795634920634922 0.4299716147142618 0.43287811375556207 0.5071948009475714 0.09931437311932544 0.3240227794109613 0.0 0.0 0 
0.16493055555555552 0.5522533022533023 0.6325569221764684 0.22390561738239956 0.031229518896702866 0.09619386554069724 1.0 0.0 0 
0.05714285714285714 0.20615384615384613 0.2057643219072473 0.5448631120986696 0.1610570192037329 0.27428530298550585 1.0 0.0 1 
0.0 0.0 0.0 0.0 0.0 0.0 1.0 0.0 1 
0.8 0.8 0.8 0.38645318122135297 0.7805074864739308 0.8625945781824617 1.0 0.0 1 
0.0 0.0 0.0 0.0 0.0 0.0 0.0 0.0 0 
0.0 0.0 0.0 0.0 0.0 0.0 0.0 0.0 1 
0.11636904761904761 0.442051282051282 0.48399434030559574 0.187140898424065 0.00848737564903304 0.08896929986333876 1.0 0.0 0 
0.2619047619047619 0.42666666666666664 0.4610886452648562 0.5868805497497979 0.18481562258337267 0.4136686250219132 1.0 0.0 1 
0.13333333333333333 0.5419306184012067 0.70915920774562 0.20441973433690486 0.009739671813308946 0.0 0.0 0.0 0 
0.3158333333333333 0.6174315880198233 0.7387742901334352 0.9058643678850595 0.32810524468869645 0.45269036256963535 0.0 0.0 0 
0.0 0.0 0.0 0.6156509246288749 0.18275626479416154 0.21843147385891276 0.0 0.0 1 
0.0 0.0 0.0 0.6454086133914428 0.28273073223556383 0.5010198194291694 0.0 0.0 0 
0.18333333333333332 0.4061624649859944 0.4744289317133288 0.8063435347965566 0.47017891834897596 0.5277215638933342 1.0 0.0 0 
0.25 0.25 0.25 0.7029990087074411 0.18481175482408854 0.17329054927168314 1.0 0.0 1 
0.0 0.0 0.0 0.0 0.0 0.0 1.0 0.0 1 
0.10925925925925925 0.3784188034188034 0.38652432258489083 0.07032522170156985 0.04424493605447206 0.0 1.0 0.0 1 
0.14583333333333334 0.3333333333333333 0.2741687837266791 0.6584827230659079 0.28301875969514856 0.00024068572132805025 1.0 0.0 1 
0.0 0.0 0.0 0.0 0.0 0.0 0.0 0.0 0 
0.07407407407407407 0.2222222222222222 0.19178804830118726 0.08460654288032454 0.01659453650196597 0.17787170804067465 0.0 0.0 0 
0.060000000000000005 0.24000000000000002 0.20188334197272773 0.11892873320058561 0.019802461540848346 0.14139107589633562 0.0 0.0 1 
0.0 0.0 0.0 0.5397299729223931 0.0 0.0 1.0 0.0 0 
0.0 0.0 0.0 0.26306413109139193 0.06522617891358988 0.01884645023524299 1.0 0.0 1 
0.22499999999999998 0.33999999999999997 0.17260924347106854 0.7393475048589854 0.2962628304579252 0.15092703859818737 1.0 0.0 0 
0.6 0.6 0.6 0.8970681716088706 0.7767595549524844 0.6128383069834188 1.0 0.0 0 
0.09007575757575759 0.22809523809523807 0.20343017140140734 0.6552119687592374 0.17335259448309098 0.3199844771761221 1.0 0.0 1 
0.3333333333333333 0.75 0.9808292530117262 0.3881593683973017 0.2036397434945164 0.0 0.0 0.0 0 
0.060000000000000005 0.1090909090909091 0.0 0.36621998178043147 0.0739331371925122 0.29337273614184545 0.0 0.0 0 
0.09291666666666666 0.3098901098901099 0.39651158858272245 0.2887138199816348 0.13316831290492245 0.5147628172558012 0.0 0.0 0 
0.7166666666666667 0.7666666666666666 0.7847297860387203 0.2708919432897594 0.27403029172455284 0.7249017356986769 0.0 0.0 1 
0.04375 0.07777777777777778 0.0 0.15689903737678135 0.011796703493109639 0.021108672310239177 0.0 0.0 1 
0.0 0.0 0.0 0.6783548943968837 0.20728948961335303 0.1742940337490999 0.0 0.0 1 
0.0 0.0 0.0 0.06715304217649654 0.0 0.08383684742842722 0.0 0.0 0 
0.0 0.0 0.0 0.023844498868463626 0.0 0.0 0.0 0.0 0 
0.0 0.0 0.0 0.34099349387869393 0.04311016517004398 0.18080134561553593 1.0 0.0 1 
0.35 0.5054945054945055 0.5833333333333333 0.41780841081363584 0.15017744202790362 0.4312255493254989 0.0 0.0 1 
0.07467532467532467 0.2142857142857143 0.18880823611061986 0.0 0.0 0.0 0.0 0.0 1 
0.1391865079365079 0.5103235204338146 0.6581652734653858 0.2480754377086002 0.0737086786261583 0.11006687886887018 1.0 0.0 0 
0.14583333333333334 0.23333333333333334 0.10635424146314018 0.052831916791034716 0.06911025741447181 0.3218163493694342 1.0 0.0 1 
0.0 0.0 0.0 0.0 0.0 0.09624714452992114 0.0 0.0 0 
0.3397321428571428 0.6141063348416289 0.7085639156829384 0.35114075004354284 0.5993650256305345 0.3601548499864432 0.0 0.0 1 
0.0 0.0 0.0 0.0 0.0 0.0 0.0 0.0 0 
0.05242424242424243 0.16293040293040292 0.1292868620454241 0.0 0.0 0.0 0.0 0.0 0 
0.05961538461538462 0.1717032967032967 0.12248946242479258 0.0 0.0 0.0 0.0 0.0 1 
0.4048611111111111 0.5106060606060606 0.47300308048954426 0.0 0.0 0.0 0.0 0.0 1 
0.10101851851851852 0.3914565826330533 0.5011901269292494 0.15065647738674837 0.05425003932276614 0.18188204035640448 0.0 0.0 0 
0.6527777777777778 0.8106060606060606 0.8150010785676209 0.7351214727666961 0.8780733664602287 0.8083311884153955 0.0 0.0 0 
0.13636363636363635 0.38446969696969696 0.4690217880607812 0.14204312797450935 0.20161492823552996 0.27554700455105696 0.0 0.0 1 
0.1075 0.3 0.3757287761298595 0.12818275153841974 0.06210465148002527 0.180279141634017 0.0 0.0 0 
0.10833333333333334 0.43958333333333327 0.557123544504907 0.31521959135526156 0.03817458515082026 0.2182037656771768 0.0 0.0 0 
0.0 0.0 0.0 0.0 3.9496687278083256e-05 0.0 0.0 0.0 1 
0.0 0.0 0.0 0.0 0.0 0.0 0.0 0.0 0 
0.0 0.0 0.0 0.0 0.0 0.0 0.0 0.0 0 
0.0 0.0 0.0 0.16531511630333018 0.07118932230208252 0.028536531505770533 0.0 0.0 0 
0.10389012635073108 0.4324652373397881 0.5916497778275203 0.2879586191381809 0.14641447790484724 0.24600818035437352 0.0 0.0 0 
0.302292290989292 0.408036606175179 0.10478079539910616 0.6657477466616005 0.1087677887318896 0.15054018424034676 1.0 0.0 0 
0.26047407801482747 0.4519085768025943 0.42864968958932514 0.6597088321331832 0.16955052405582383 0.25818509999869765 1.0 0.0 1 
0.0 0.0 0.0 0.0 0.0 0.0 1.0 0.0 0 
0.11647727272727273 0.34415584415584416 0.2411620568168881 0.11036060795393077 0.0 0.28102137274313643 1.0 0.0 1 
0.09259259259259259 0.3412698412698413 0.34250218026132295 0.06064641656372616 0.0013045250841494502 0.037305941993686295 1.0 0.0 1 
0.07242063492063491 0.25416666666666665 0.2835179085323555 0.5974995567546554 0.22348292298184716 0.0390759377604484 0.0 0.0 0 
0.06622023809523808 0.2640625 0.326082409684234 0.6855397965372395 0.16589074448123659 0.2617056125439607 1.0 0.0 0 
0.19593253968253965 0.4910714285714285 0.4972617359335172 0.24755509477843118 0.037245425261900056 0.27568650442811427 1.0 0.0 1 
0.09325396825396826 0.4111842105263158 0.554446428864078 0.3298196144539536 0.053667327827495476 0.18010426459652568 0.0 0.0 0 
0.16249999999999998 0.5295260295260296 0.6652108454030325 0.17462778714897964 0.0 0.0 1.0 0.0 0 
0.0 0.0 0.0 0.2224518843819805 0.058887160899141845 0.0345481355066657 0.0 0.0 1 
0.11160714285714285 0.36993006993006994 0.35580656549516626 0.3962857093811658 0.03539647903122492 0.024226090867042357 0.0 0.0 1 
0.07500000000000001 0.125 0.06837058379773298 0.42004434206115826 0.11293039507111134 0.07355756038028999 0.0 0.0 0 
0.373015873015873 0.5583964646464645 0.5342960616586129 0.7774562694924813 0.4630301487952327 0.4170713393140143 1.0 0.0 0 
0.2686284325449259 0.445320247032461 0.31952853950049687 0.7536623323097886 0.28067118481303643 0.3243437632158682 1.0 0.0 1 
0.25322346408888763 0.3498140487232285 0.31152803779921456 0.799191141999773 0.31124652333513403 0.4264297673732138 1.0 0.0 0 
0.03565383165631606 0.0648251484660292 0.026422331635597568 0.4081351615964872 0.16241969349330548 0.27352448383766625 1.0 0.0 1 
0.06875 0.12289562289562289 0.030878321730717438 0.453918589830102 0.12904832346643993 0.28581133285310567 0.0 0.0 1 
0.08333333333333334 0.2777777777777778 0.3647786405641249 0.27871731455288407 0.12851256950348802 0.1975382422876954 0.0 0.0 1 
0.16527777777777777 0.46944444444444444 0.5833333333333333 0.43739908573505404 0.09215505654962347 0.16514290390689157 0.0 0.0 1 
0.0707070707070707 0.12301587301587301 0.029003792329876602 0.5876788016521886 0.19882840536134144 0.39936128490064887 0.0 0.0 0 
0.12787698412698412 0.37992216117216115 0.382338726507096 0.5701040472566863 0.2438980022998521 0.3692737913602139 0.0 0.0 0 
0.06944444444444445 0.25641025641025644 0.28881132523331055 0.3306390128116101 0.12862514602998806 0.4360071241189426 0.0 0.0 1 
0.20787037037037037 0.5717948717948718 0.7045676148869718 0.4004764666440894 0.12607772934460476 0.39459725668874124 1.0 0.0 0 
0.10416666666666666 0.39739923747276695 0.4911641804574014 0.29122427735489675 0.06879333961403898 0.29533322664751366 1.0 0.0 1 
0.08226495726495726 0.2689393939393939 0.2591884361016603 0.13219568464007025 0.10993350384297598 0.15732886682709907 1.0 0.0 0 
0.2361111111111111 0.4813519813519813 0.5321911967599908 0.36396031945484975 0.055693213920975884 0.24057414889608622 1.0 0.0 1 
0.08774038461538461 0.3197115384615385 0.3365682518207806 0.1296046267824562 0.06966207206794228 0.09102283777410956 1.0 0.0 1 
0.12103174603174603 0.36379176379176376 0.4136755968009323 0.2642754129656115 0.14538463374518457 0.22948058911744018 0.0 0.0 0 
0.13194444444444442 0.3746031746031746 0.4266026313225705 0.2074016174288169 0.06670729634433638 0.12231305488039376 0.0 0.0 1 
0.11736111111111111 0.42222222222222217 0.5284285116051024 0.3070998996645944 0.18027535092548858 0.2512221285308709 1.0 0.0 0 
0.20833333333333331 0.2777777777777778 0.11986753018824203 0.290055189174554 0.08684746705379137 0.11824531020154407 1.0 0.0 1 
0.0 0.0 0.0 0.0 0.0 0.0 0.0 0.0 0 
0.0 0.0 0.0 0.0 0.0 0.0 0.0 0.0 0 
0.08333333333333334 0.1388888888888889 0.07596731533081441 0.4541158769419176 0.12971393313275217 0.09322744093156889 0.0 0.0 0 
0.06944444444444445 0.11904761904761904 0.04451046420817421 0.46383268992595383 0.11978133127818605 0.23138154315372828 0.0 0.0 0 
0.4027777777777778 0.45138888888888884 0.42387231848771545 0.7567338090378493 0.38517914371769996 0.21984958068671287 1.0 0.0 1 
0.09087301587301587 0.29908008658008656 0.2964297390031797 0.6610486442126167 0.2554463742785639 0.3901438403897055 1.0 0.0 1 
0.43119047619047624 0.5461389101094983 0.5403950704909419 0.5923328666893094 0.452496682476354 0.25302610330681635 1.0 0.0 1 
0.0875 0.14 0.0 0.6693045192640784 0.2604989117945928 0.19449634907815957 0.0 0.0 0 
0.0 0.0 0.0 0.6227279161467236 0.26304439443016203 0.2958764707774072 0.0 0.0 1 
0.0 0.0 0.0 0.5589341904888997 0.17119088494797308 0.19222471283846157 1.0 0.0 0 
0.0 0.0 0.0 0.3266547618350716 0.10499147628920308 0.0 0.0 0.0 0 
0.638888888888889 0.7543956043956044 0.7710344077742546 0.17199989449483932 0.09510832663037941 0.18486928364893174 0.0 0.0 0 
0.08958333333333332 0.31862745098039214 0.36884103622589043 0.36302037038598756 0.0 0.019012020141066295 0.0 0.0 1 
0.10416666666666666 0.4375 0.625 0.2136081913237855 0.0 0.10288428742055597 0.0 0.0 0 
0.03943452380952381 0.17923485183547105 0.20210101055214985 0.3109480648739018 0.05753576344445904 0.0 1.0 0.0 0 
0.1768707482993197 0.5344117192331478 0.6366571971350037 0.6792083136440443 0.33328378801070424 0.2329685841589028 1.0 0.0 1 
0.1527777777777778 0.5064102564102565 0.5776226504666211 0.6715270979159673 0.35240212002373006 0.0 0.0 0.0 0 
0.10416666666666667 0.3210227272727273 0.3846430816296763 0.27539224009373975 0.10229969140482881 0.2611731586167483 0.0 0.0 1 
0.2068933694932385 0.5512510522513845 0.5804933837181497 0.6934918592067805 0.2891344424387135 0.3990574567063577 1.0 0.0 0 
0.0 0.0 0.0 0.0 0.0 0.0 1.0 0.0 1 
0.1412566216665898 0.40970114657283563 0.47416811440149675 0.3070917263050488 0.10964181357753641 0.29646211648001064 1.0 0.0 0 
0.10416666666666667 0.33838383838383834 0.4019692324498265 0.2490821138287973 0.0972794791294744 0.4104990131456183 0.0 0.0 1 
0.1875 0.576923076923077 0.75 0.3829125432174163 0.11175024328397469 0.24614335639166038 0.0 0.0 0 
0.0 0.0 0.0 0.0 0.0 0.0 0.0 0.0 0 
0.0 0.0 0.0 0.0 0.0 0.0 0.0 0.0 1 
0.0 0.0 0.0 0.0 0.0 0.0 0.0 0.0 0 
0.0 0.0 0.0 0.0 0.0 0.0 0.0 0.0 0 
0.0 0.0 0.0 0.26058514211505424 0.03702182089067314 0.010432015087137727 0.0 0.0 0 
0.0 0.0 0.0 0.0 0.0 0.0 0.0 0.0 1 
0.0 0.0 0.0 0.0 0.0 0.0 0.0 0.0 0 
0.1388888888888889 0.547008547008547 0.68038977035146 0.3579747791771781 0.013357151431542853 0.12116717343796589 0.0 0.0 1 
0.0 0.0 0.0 0.0 0.0 0.0 1.0 0.0 0 
0.0 0.0 0.0 0.14092930984257546 0.020532053912260102 0.0 0.0 0.0 0 
0.6666666666666666 0.6666666666666666 0.6666666666666666 0.9481036447444401 0.9389858890307908 0.9367745282802008 0.0 0.0 0 
0.11970899470899471 0.3881944444444444 0.41873654648328174 0.3965622006587649 0.07972546147456462 0.20243382709087648 0.0 0.0 1 
0.0 0.0 0.0 0.6804559713924242 0.27143053056894406 0.5952489811231099 0.0 0.0 0 
0.08333333333333333 0.4166666666666667 0.5198603854199589 0.35329256225593064 0.13332148346948292 0.08784840861755168 0.0 0.0 0 
