0.0 0.0 0.0 0.0 0.0 0.0 0.0 0.0 0 
0.0 0.0 0.0 0.0 0.0 0.0 0.0 0.0 0 
0.0 0.0 0.0 0.0 0.0 0.0 0.0 0.0 0 
0.0 0.0 0.0 0.0 0.0 0.0 0.0 0.0 0 
0.0 0.0 0.0 0.16484720091901228 0.10532800590566958 0.21351906826560252 0.0 0.0 0 
0.0 0.0 0.0 0.23608408139422732 0.01185601071321705 0.24107184330109038 1.0 0.0 0 
0.12185730935730935 0.4319934872819488 0.49178116169959984 0.5237190157151419 0.2509685197653818 0.5611980034741453 1.0 0.0 0 
0.0762987012987013 0.3058035714285714 0.3702949791483975 0.43305555204393875 0.26216546248197653 0.390520882633047 1.0 0.0 1 
0.4581148018648019 0.611476513682396 0.6026547321681132 0.812719229967299 0.5933048116629814 0.6788072237256164 1.0 0.0 0 
0.0 0.0 0.0 0.14064631567321118 0.025503074691540343 0.0 1.0 0.0 0 
0.0 0.0 0.0 0.26979530151129194 0.005620142789320139 0.009448438971574366 0.0 0.0 0 
0.15632440476190476 0.47935198992184286 0.5663356535121671 0.5739658735288271 0.11882657207034915 0.1839168499505208 1.0 0.0 0 
0.13923468665406613 0.3769936993320039 0.41040321455044315 0.5033581574712982 0.11368296546783002 0.3728770643671854 0.0 0.0 1 
0.24024567493642626 0.5100457167324239 0.5414002305033434 0.8062721843838835 0.42455377315714576 0.631363666067781 0.0 0.0 0 
0.2511052855349335 0.45239523065922216 0.4903373942151304 0.7989607461879701 0.4733842816430143 0.6756809237773463 0.0 0.0 1 
0.4023674242424242 0.69816052003552 0.8101995768275173 0.9262420462220347 0.6300420515358305 0.649756744617089 1.0 0.0 1 
0.20451388888888888 0.5456043956043957 0.5831922497997128 0.4488376463005277 0.22803286862361785 0.6180311175497782 1.0 0.0 1 
0.36928210678210677 0.6150487769805951 0.6762097445747235 0.8728936675395027 0.6510373290454612 0.7236719427299723 1.0 0.0 0 
0.1196969696969697 0.3856481481481482 0.45558244184213814 0.4600008116204354 0.2077021369996823 0.5919194113609682 1.0 0.0 0 
0.0 0.0 0.0 0.14485024315943462 0.0656634773901032 0.17122958254281528 0.0 0.0 1 
0.0 0.0 0.0 0.6717189947421915 0.20101667020572925 0.07874791176641763 0.0 0.0 1 
0.17410714285714285 0.28125 0.13064239707428693 0.39874703759765384 0.18584084277585983 0.29494975293408077 0.0 0.0 1 
0.06944444444444445 0.26785714285714285 0.2761454701743995 0.36250666719144775 0.27132463155301256 0.37826709191746705 0.0 0.0 1 
0.21334876543209874 0.4005764163372859 0.3266799824472465 0.7309900705418401 0.35727812806841375 0.25255476045155734 0.0 0.0 1 
0.07500000000000001 0.13636363636363635 0.06525853274222236 0.3165922979581194 0.1165227802795732 0.33101570276940845 0.0 0.0 1 
0.0 0.0 0.0 0.39472156976945927 0.29308017163859473 0.639167184755867 1.0 0.0 0 
0.08719135802469136 0.3036778036778037 0.25822409619377135 0.16147813507375552 0.12953801235897477 0.10145210929172058 0.0 0.0 0 
0.19466490299823633 0.4440648723257419 0.4577904821931141 0.7539598359784028 0.44403876045179164 0.513352800497857 1.0 0.0 0 
0.12757936507936507 0.30082140082140085 0.31776384645310174 0.7945465928668691 0.30798474918615815 0.33204640316181666 1.0 0.0 1 
0.1449314574314574 0.3724684132292828 0.40666191242870914 0.3492810749962394 0.14978942523406358 0.375530796266044 1.0 0.0 1 
0.2693096676502693 0.45174928732857716 0.4539124243887771 0.6454484872915343 0.3042979430306759 0.3879929292973145 1.0 0.0 1 
0.09722222222222221 0.2723214285714286 0.25138306293073265 0.6065138127419467 0.16564132395336142 0.19435817006666686 1.0 0.0 0 
0.09553571428571428 0.30363247863247866 0.3809581156259877 0.5166308942589812 0.26926488780579244 0.46991274238026315 1.0 0.0 1 
0.12175925925925926 0.3023809523809524 0.2556865803617282 0.2246819954610939 0.0 0.010830215929095853 0.0 0.0 0 
0.21996527777777777 0.5083104395604395 0.5839863752203887 0.4577001604309362 0.08952866459909298 0.0931475199121304 0.0 0.0 1 
0.16845238095238094 0.3532679738562091 0.2541539662053133 0.35344422887739935 0.18316492679163524 0.4060831390326997 0.0 0.0 0 
0.11831252302166947 0.3413254187412033 0.37575557279149197 0.6055065548652228 0.180354791927013 0.4354680659051091 0.0 0.0 0 
0.2310180273615431 0.3861452685023756 0.39599617589290853 0.7427523686345683 0.49189491324809353 0.5569441191078975 0.0 0.0 0 
0.23958333333333331 0.45202975129445716 0.5315676164526595 0.8768648512941253 0.40316077058298466 0.6319039280445826 0.0 0.0 0 
0.0 0.0 0.0 0.0 0.0 0.0 0.0 0.0 1 
0.0 0.0 0.0 0.0 0.0 0.0 1.0 0.0 0 
0.22916666666666666 0.22916666666666666 0.22916666666666666 0.9291771472069831 0.6310721406964228 0.4820931025189123 1.0 0.0 1 
0.0 0.0 0.0 0.0 0.0 0.0 0.0 0.0 0 
0.0 0.0 0.0 0.0 0.0 0.0 0.0 0.0 1 
0.07416666666666667 0.12592592592592594 0.048619081811721226 0.5999004990491941 0.2692440347023919 0.32904934573532135 0.0 0.0 0 
0.1111111111111111 0.19047619047619047 0.0 0.34200166889066785 0.18162908830800087 0.028762824020311075 0.0 0.0 1 
0.15 0.34285714285714286 0.28200217754744134 0.41421077510350546 0.11635030268105544 0.09617078317663261 1.0 0.0 0 
0.19166666666666668 0.40476190476190477 0.24914440249496633 0.6246019059881338 0.24188833083992692 0.2216544591340294 1.0 0.0 0 
0.10992063492063492 0.18250000000000002 0.08771316558386909 0.6957793984346263 0.24867716839669612 0.41554110835867175 0.0 0.0 0 
0.1684027777777778 0.350297619047619 0.34624211534180815 0.6696848681755584 0.2218063428452833 0.4486228335680202 0.0 0.0 1 
0.6458333333333334 0.65625 0.5584837207528415 0.7205239222440706 0.4368561625712926 0.44256457296715507 0.0 0.0 1 
0.0 0.0 0.0 0.0 0.0 0.0 1.0 0.0 0 
0.0 0.0 0.0 0.0 0.0 0.0 0.0 0.0 0 
0.0 0.0 0.0 0.0 0.0 0.0 0.0 0.0 1 
0.29791666666666666 0.6403167008430166 0.7322685264959012 0.8281612712233524 0.4037168950769333 0.46258051356927327 1.0 0.0 0 
0.2223958333333333 0.5437914661018376 0.5396234180590407 0.4287930440459632 0.15252154998133685 0.3686075296996329 1.0 0.0 0 
0.18509615384615383 0.425 0.3377949545018212 0.5372271926028063 0.20636896940649083 0.3028328699990705 0.0 0.0 0 
0.13784340659340658 0.24886363636363637 0.15888334975631974 0.4605977289874006 0.14650312306912994 0.3545569663589722 1.0 0.0 0 
0.04857142857142857 0.22214285714285714 0.2777287243021335 0.6565957277491011 0.22408962159882942 0.31494158202879874 1.0 0.0 0 
0.1488095238095238 0.44726361357940303 0.5664360632150729 0.576948781493591 0.14115892145548256 0.3168425716934632 0.0 0.0 0 
0.0862037037037037 0.29743034743034746 0.3552317832471638 0.8050995424433935 0.3495129291557854 0.46136370839670615 0.0 0.0 1 
0.14835164835164835 0.45230934479054774 0.5172650223072204 0.4706638428421588 0.17619370548460836 0.4164473770155879 0.0 0.0 0 
0.3195566778900112 0.5489417989417988 0.5929346773381153 0.5842070720462387 0.1987356449765518 0.3778975657124808 0.0 0.0 0 
0.13333333333333333 0.2222222222222222 0.12154770452930307 0.3824158657791388 0.08446620302328701 0.10724897685535226 0.0 0.0 1 
0.1388888888888889 0.22222222222222224 0.10128975377441922 0.4364195121535388 0.0787146834156564 0.14794051593416985 1.0 0.0 0 
0.6 0.6 0.6 0.46628259535346406 0.3209776974547306 0.4521982848974571 0.0 0.0 1 
0.07 0.11666666666666667 0.06381254487788411 0.4935984457345909 0.2338989541463049 0.20853622956630594 0.0 0.0 1 
0.21437899851625125 0.5287526165816206 0.6274709076961827 0.7791314357401671 0.3782752282063481 0.3181439050935276 0.0 0.0 1 
0.2845833333333333 0.4748295454545455 0.5118954237211524 0.8437192170400907 0.3710121565354864 0.4124633364182494 0.0 0.0 1 
0.31759259259259254 0.5621548821548822 0.6709903216764915 0.7358311826530792 0.34005969899294686 0.34084259069927064 0.0 0.0 1 
0.30983117151258455 0.3277229929937517 0.2887455568715205 0.702830116392372 0.5013203419652356 0.4082402944280043 1.0 0.0 0 
0.3743028598815652 0.5894845266452042 0.6314644183972096 0.9209890559324804 0.5736137080415562 0.5278857664201473 0.0 0.0 0 
0.0 0.0 0.0 0.0 0.0 0.0 1.0 0.0 0 
0.0 0.0 0.0 0.0 0.0 0.0 0.0 0.0 0 
0.0 0.0 0.0 0.0 0.0 0.0 0.0 0.0 1 
0.19987654320987655 0.5258984533984534 0.5563566394904909 0.4099342811363069 0.21622189153160612 0.31269770426886023 1.0 0.0 0 
0.16203703703703703 0.2552910052910053 0.3526276589104002 0.7141272085082917 0.3903123296207693 0.34429143401166373 1.0 0.0 1 
0.0 0.0 0.0 0.0 0.0 0.0 1.0 0.0 0 
0.0 0.0 0.0 0.0 0.0 0.0 0.0 0.0 0 
0.0 0.0 0.0 0.0 0.0 0.0 1.0 0.0 1 
0.3125 0.47520833333333334 0.5059615787935423 0.49963361788668037 0.13360828034249156 0.4862680973926376 1.0 0.0 1 
0.17179232804232802 0.3933302808302809 0.40456309642474353 0.279636287326542 0.0937359824479149 0.22247590465293196 1.0 0.0 1 
0.0 0.0 0.0 0.0 0.0 0.0 0.0 0.0 0 
0.0 0.0 0.0 0.0 0.0 0.0 0.0 0.0 1 
0.0 0.0 0.0 0.17202277217436102 0.03088899759540111 0.0 1.0 0.0 0 
0.08333333333333334 0.1388888888888889 0.07596731533081441 0.2526275370780504 0.0702444486179826 0.12538245838924655 1.0 0.0 1 
0.1048519536019536 0.36628917378917375 0.4568393122435853 0.3286394182226071 0.12336362398651564 0.34753730554916945 1.0 0.0 0 
0.3923611111111111 0.5392182379024484 0.539650422651541 0.75997968182448 0.4660953193616458 0.34450077706044574 1.0 0.0 0 
0.1111111111111111 0.18095238095238095 0.06077385226465153 0.3437636091034306 0.1681311879246183 0.0393912961682981 0.0 0.0 0 
0.14351851851851852 0.21666666666666667 0.12200533688646782 0.41320556705879774 0.2677602854368791 0.42735419104303496 0.0 0.0 0 
0.0 0.0 0.0 0.4712315494525475 0.08152544673014288 0.1945587955867966 0.0 0.0 1 
0.42328042328042326 0.5902777777777778 0.6671623076222635 0.34901739696728096 0.22202133264750118 0.3730193605731546 1.0 0.0 1 
0.12916666666666665 0.37995337995337997 0.44207831915178664 0.24377633170168256 0.02295549628215925 0.4530621987897057 0.0 0.0 0 
0.09523809523809523 0.38095238095238093 0.46209812037329684 0.26891312113931876 0.05134315485711904 0.2749122964463592 0.0 0.0 0 
0.1607142857142857 0.5200557955975913 0.6704495972228494 0.13873904059357445 0.03646037768449136 0.3279006929535396 0.0 0.0 0 
0.18431122448979592 0.5210440316477469 0.574362172881982 0.5662089381171874 0.07502543753225625 0.3798222624155242 1.0 0.0 0 
0.251984126984127 0.6417922276045845 0.7197994055769009 0.5224534529443865 0.14017405945076267 0.3396139610523589 0.0 0.0 0 
0.11650132275132274 0.37541226254040894 0.4173665803320602 0.42456978197847695 0.14838053631338105 0.2979624611949426 1.0 0.0 1 
0.6036324786324786 0.6506410256410257 0.6459792471814751 0.0 0.0 0.0 1.0 0.0 1 
0.25059691453694155 0.4799234909696692 0.4843683498218616 0.6789665814271891 0.4044295072927057 0.3828173353412304 1.0 0.0 0 
0.40982823192088125 0.5645445742029817 0.5327349901097899 0.2881307288112428 0.13177470521251528 0.46990500462269436 1.0 0.0 0 
0.06318681318681318 0.35555555555555557 0.4194927354472011 0.0 0.0 0.0 1.0 0.0 0 
0.0 0.0 0.0 0.14664356605230566 0.018355272734304623 0.0 1.0 0.0 1 
0.0 0.0 0.0 0.2659286148270392 0.08997404054769262 0.1932331762001826 1.0 0.0 1 
0.0 0.0 0.0 0.31974821339819903 0.04688265620115906 0.4617452867848897 1.0 0.0 1 
0.0 0.0 0.0 0.0 0.0 0.0 0.0 0.0 0 
0.0 0.0 0.0 0.37018595029226553 0.0 0.0 0.0 0.0 0 
0.0 0.0 0.0 0.3398745258755884 0.12875386589012297 0.0711515134700187 1.0 0.0 0 
0.0 0.0 0.0 0.2251280319064628 0.11728556833543789 0.1986312641460282 1.0 0.0 0 
0.0 0.0 0.0 0.34440273184329595 0.029564389079840377 0.37579406641805535 0.0 0.0 0 
0.0 0.0 0.0 0.09287163433105383 0.0 0.1629695780003875 0.0 0.0 1 
0.10416666666666666 0.38461538461538464 0.4332169878499658 0.22438093898442957 0.14607968773824676 0.21083379963244367 1.0 0.0 0 
0.11204351204351204 0.47629057851729917 0.6201068405833386 0.29058385484078664 0.16678442166081947 0.3487855388055717 0.0 0.0 0 
0.2364126614126614 0.46734327135910847 0.5002999967025427 0.8240264397843144 0.39154711815203674 0.6090472215018254 1.0 0.0 0 
0.43347385977180486 0.6274272430926418 0.6255418224374848 0.6884752088315034 0.4584251836115414 0.5996977908354816 1.0 0.0 1 
0.259906462585034 0.4799494156637014 0.5156115456673102 0.726486277908074 0.27698548218224994 0.3784333525130931 0.0 0.0 0 
0.3117568390061541 0.6126915942211663 0.7147288545027416 0.6871537179526706 0.2931869210138015 0.4777806895479599 0.0 0.0 0 
0.2285714285714286 0.5315398886827458 0.5559589016045714 0.5911433399555951 0.31766679922029206 0.3994854133620732 0.0 0.0 1 
0.3404761904761905 0.39395604395604394 0.39557054763226246 0.5482021131798303 0.26528551801556377 0.5075402505410874 0.0 0.0 1 
0.5305662161236783 0.7131273498564945 0.7138907682195152 0.7362850376841513 0.3010186033840908 0.44701452623841026 0.0 0.0 1 
0.23316928710881746 0.6028747393597511 0.6847175858963126 0.48302918530895533 0.3352745907184936 0.5519803680800838 1.0 0.0 0 
0.18440762789050466 0.5931764718021832 0.7360418400687452 0.6761054779239182 0.3131868228346816 0.17696015529816855 1.0 0.0 1 
0.10690476190476189 0.3571148459383754 0.4502706366896351 0.4085462052444987 0.17789501672687238 0.33903974051763164 0.0 0.0 0 
0.46843749999999995 0.7032986111111111 0.7789453438537145 0.8801244121707674 0.5989918069991205 0.5659149956269496 0.0 0.0 1 
0.06878306878306878 0.2728758169934641 0.31278483127095896 0.27448609780889144 0.043376609313481036 0.15292531382261526 1.0 0.0 0 
0.11465418365716509 0.3862987837621916 0.47428235202219826 0.6370523636912755 0.27243495251430594 0.44831968723368587 1.0 0.0 0 
0.06817725253640461 0.29233329558605015 0.3820978249263809 0.6013020667215415 0.2364907908048307 0.4800105013426049 1.0 0.0 1 
0.17978455170209182 0.5755783293787867 0.7445808100916125 0.7042399330103675 0.27333041860223767 0.1926482895838972 1.0 0.0 0 
0.16778273809523808 0.5351432880844647 0.6810699990553676 0.688409066520564 0.41808732537993504 0.3008551505126421 1.0 0.0 0 
0.22463751526251524 0.48213298139768723 0.5499938275244631 0.6020221683085177 0.411899085098293 0.5002013904774013 1.0 0.0 0 
0.235135582010582 0.47665343915343916 0.5493236600483904 0.6165426225572613 0.3768589826184624 0.6005382179050346 1.0 0.0 1 
0.21204119369566288 0.44663149918096673 0.48650149142181753 0.751694198010961 0.4454354094691061 0.4542676210024349 1.0 0.0 0 
0.11803906484561853 0.3817588912157208 0.47004884982772405 0.5405500011212632 0.2624007536194805 0.5485322453372458 1.0 0.0 0 
0.5566008060917944 0.7599544657292789 0.7990900802776056 0.8393062311494336 0.6964223131475438 0.5650156169441147 1.0 0.0 1 
0.12638888888888888 0.3815110815110815 0.47353174693430444 0.40362344631289004 0.20832018817424058 0.24952023097428602 1.0 0.0 0 
0.21722222222222223 0.5059663865546219 0.5274948536095496 0.7598151353283225 0.37725526404387294 0.3618167599133063 0.0 0.0 0 
0.28881189289966547 0.51920020821602 0.5651445948366938 0.7113378482037135 0.43086167914053974 0.47196454585228925 0.0 0.0 1 
0.08095238095238094 0.2943840579710145 0.34933452398511344 0.704989772949201 0.1720579120462662 0.1208016207145354 1.0 0.0 0 
0.08452380952380953 0.28749681690858164 0.3433313622459181 0.40279585921288674 0.16200454091455996 0.19266127241233408 1.0 0.0 1 
0.27208590519461584 0.48752074337632156 0.526806219644919 0.8490831796257203 0.38170448110119376 0.37028570311275055 0.0 0.0 0 
0.27361111111111114 0.44551820728291314 0.4693160945372682 0.45403119407571757 0.5745604586605151 0.45276797913895367 0.0 0.0 1 
0.2530312460551962 0.4490798617110998 0.4613220250789178 0.8224029165016256 0.474945820240136 0.6524708664664891 1.0 0.0 0 
0.07658730158730159 0.27196057910343624 0.34292759955166996 0.5391927371777814 0.22034810013173112 0.39126724209836566 1.0 0.0 0 
0.36607142857142855 0.5514652014652014 0.48104906018664845 0.8566650878453841 0.4385337081327426 0.5792833710838852 1.0 0.0 1 
0.18863636363636366 0.4670093050511007 0.5049443790024408 0.43831275505298806 0.08686564048440261 0.4550512363539631 1.0 0.0 0 
0.1627435064935065 0.44150510054400216 0.483490028918669 0.5531406432892074 0.2159703087699 0.4093617253478147 1.0 0.0 1 
0.16041666666666668 0.39560439560439564 0.4127024815408357 0.29969243122057065 0.08516953097481025 0.21046559760584607 0.0 0.0 0 
0.6636904761904762 0.7701465201465201 0.7949767309033264 0.9552693039320537 0.7567287236033992 0.7760003098165915 0.0 0.0 0 
0.0 0.0 0.0 0.5978854435173554 0.21277116674454324 0.16427154581487624 1.0 0.0 1 
0.29047619047619044 0.48357142857142854 0.5217081589953694 0.5604601603564688 0.3328564839987923 0.18085151721415219 1.0 0.0 0 
0.2326388888888889 0.4027777777777778 0.2883172309287831 0.5520505831969962 0.154793201922993 0.0 1.0 0.0 1 
0.14916666666666667 0.5076923076923077 0.6351424712791509 0.3454591798689982 0.14747258577642927 0.2512783104500686 0.0 0.0 0 
0.10892857142857143 0.39571298266950444 0.48682896398989856 0.3185916583171464 0.1275020146900554 0.0 0.0 0.0 0 
0.15458333333333332 0.4497727272727273 0.5227014345191441 0.7463271606229706 0.29906143529670165 0.4625582822137357 1.0 0.0 0 
0.2563358516483517 0.5514381985535831 0.6064691027504867 0.765981301998037 0.3082893191775888 0.6255862607736661 1.0 0.0 1 
0.3874603174603174 0.5646632854325162 0.5753382335354619 0.8026674036115171 0.7207271690374135 0.7208552299271143 1.0 0.0 0 
0.4319047619047619 0.5972027972027972 0.6300181176605488 0.893946980571853 0.678827422195917 0.7127854933527993 1.0 0.0 1 
0.14056915306915307 0.4425054834557096 0.46569833642080094 0.34385932213204606 0.07653497270049701 0.19652691408910847 1.0 0.0 0 
0.17261904761904762 0.5104119425547997 0.5670986780647451 0.40619495021665997 0.08136040435392133 0.23796868626299586 0.0 0.0 0 
0.1861607142857143 0.5312883297258297 0.6216992769391473 0.3412046060384796 0.0929339521657918 0.24981275573489323 0.0 0.0 1 
0.26190476190476186 0.2738095238095238 0.25864395755607955 0.7331296478045232 0.40313379899740326 0.3069179218052567 1.0 0.0 0 
0.38055555555555554 0.49444444444444435 0.4802741220611635 0.8044779424830788 0.5852193871645056 0.4488654418417101 1.0 0.0 0 
0.1452117327117327 0.3500446428571428 0.31355915805166956 0.6958442335499216 0.22059629629404193 0.5388503295909169 1.0 0.0 0 
0.2513888888888889 0.49799679487179493 0.4927907338830548 0.36838201573300244 0.0910734627221097 0.37278371079719064 1.0 0.0 0 
0.12916666666666665 0.41179971988795516 0.5251859023129206 0.5938535961702374 0.17975396329951884 0.38943433455238524 1.0 0.0 1 
0.33161677784939786 0.6156670991783962 0.6507671716021215 0.7552716613401924 0.40943905705456257 0.3301470595557116 1.0 0.0 1 
0.3173611111111111 0.662720526807214 0.60298701037465 0.5581947087709724 0.19461979076462285 0.36061221336569493 1.0 0.0 0 
0.30925925925925923 0.4802369170790223 0.5244289317133288 0.7910522368497158 0.568780490689894 0.592103241354583 1.0 0.0 0 
0.1488286227274387 0.3212162246458441 0.2388252831262413 0.6899838339683465 0.27193589773426713 0.09553133444777433 1.0 0.0 0 
0.3632471885648768 0.5640502576074095 0.6310805756502369 0.8012328763917029 0.45772660783922753 0.5046615841316172 1.0 0.0 1 
0.14266111728208186 0.3106819167834197 0.30628010627257474 0.7836134395038427 0.33011292524314284 0.24275569879028439 1.0 0.0 0 
0.5214478857496998 0.6413779089314549 0.6120988103763383 0.7249687582614093 0.6042594754968466 0.4721537271262314 1.0 0.0 1 
0.45025088511497696 0.6502339841503062 0.5974476762891825 0.6681105717144472 0.4947978206346761 0.3369222149252111 1.0 0.0 1 
0.13917162652794715 0.4119519773651902 0.5027135421295871 0.7972960182576194 0.36402632535251606 0.35495151603374414 1.0 0.0 0 
0.15350773737554893 0.43625651752047645 0.5419992616783752 0.5541662625938754 0.31185095430214094 0.639553873582036 1.0 0.0 1 
0.2070782227032227 0.5526480463980463 0.6341606335506234 0.5017459578417051 0.26335071491482676 0.3591880052600618 1.0 0.0 0 
0.28587962962962965 0.48928571428571427 0.5460566881524094 0.37283149733959475 0.16481454041506777 0.09936967477972433 1.0 0.0 1 
0.12046689502541094 0.4215168517521051 0.5066968859529688 0.48665726785245855 0.30141378654256856 0.606976629580741 0.0 0.0 0 
0.21186292941045576 0.4971056685077448 0.4548373193455271 0.6497206302173566 0.38274114046721536 0.6042654872934553 0.0 0.0 1 
0.0 0.0 0.0 0.27309544219523096 0.11036703727041759 0.07638083230459343 1.0 0.0 1 
0.10857906447880318 0.38838889691234046 0.41822999266883176 0.1303930935919393 0.06925120249900918 0.0 1.0 0.0 1 
0.0 0.0 0.0 0.3235974512120261 0.13072751400547658 0.2254205315693986 0.0 0.0 0 
0.04346099285371857 0.08071327244262021 0.04187047862629424 0.3588549669459975 0.07897446488407077 0.17639881590550277 0.0 0.0 0 
0.138349100022469 0.44626127594899034 0.5456101386144748 0.10811762392184265 0.04302839376341845 0.0 1.0 0.0 0 
0.3125592064806579 0.4891612747667341 0.535078021918244 0.5270945618278378 0.27153449816448333 0.45265087756554007 1.0 0.0 1 
0.09237137307318452 0.14360756466028182 0.08114620244895204 0.5099078584360767 0.20360610517885608 0.05749640050386041 1.0 0.0 1 
0.11289173789173788 0.3986568986568987 0.43448502571042663 0.39650244226130593 0.3062308172783021 0.28647816811160076 0.0 0.0 0 
0.12152777777777776 0.48645652593021016 0.601201789543235 0.35407575259730395 0.059192211524478164 0.21452877113328894 0.0 0.0 1 
0.08564814814814814 0.30598946618683465 0.3904056662127534 0.42796131922690095 0.1871495302287889 0.26590550145185743 0.0 0.0 1 
0.0 0.0 0.0 0.20856976165471863 0.03339992336446675 0.0 0.0 0.0 0 
0.23416666666666666 0.5908196035131019 0.6592540055260347 0.36622386436963006 0.1108326250047011 0.4431094207812749 0.0 0.0 1 
0.1972222222222222 0.3041666666666667 0.29834430197938 0.6345159858563212 0.31093137686496153 0.01060203744725384 1.0 0.0 0 
0.3910818713450292 0.5092731829573935 0.47080778535831513 0.6737897350911546 0.40398705156476444 0.09485510603487929 1.0 0.0 1 
0.24726851851851853 0.5790221615711811 0.6403610200690737 0.8404841048589353 0.41374315573049925 0.6313941349784628 1.0 0.0 0 
0.1802579365079365 0.5375490196078432 0.6687014806574008 0.3865620292621892 0.11559046429283354 0.23911166565932782 1.0 0.0 1 
0.11069444444444446 0.36809523809523814 0.43934022488420704 0.709333515479948 0.26177506492321095 0.22135947241799375 1.0 0.0 1 
0.3728975215817321 0.5648879142300195 0.6131900279514535 0.9320978662288595 0.6551712160383226 0.8396549212467708 1.0 0.0 0 
0.20366161616161615 0.43406862745098035 0.39031578608513706 0.5455004290980239 0.2435923101043765 0.4475237205361981 1.0 0.0 1 
0.15203634085213033 0.4657371137634296 0.5980535854411407 0.4126530720898327 0.19917341920567858 0.3642172306637786 1.0 0.0 0 
0.4736842105263158 0.5602756892230576 0.469287246983615 0.665550476227063 0.44417751417316054 0.6378634059619576 1.0 0.0 1 
0.1527777777777778 0.5102564102564103 0.5776226504666211 0.35631568125743074 0.08205169708430518 0.19016679081242402 0.0 0.0 0 
0.0 0.0 0.0 0.0 0.0 0.0 0.0 0.0 1 
0.08611111111111111 0.2794871794871795 0.31769245775664157 0.42208045293905583 0.11979003849698511 0.257774554106393 0.0 0.0 0 
0.3 0.3333333333333333 0.29558038919848867 0.9282219584613799 0.5248402923559466 0.6515471470490103 1.0 0.0 0 
0.18125 0.31767676767676767 0.2717528442474075 0.5939337402792455 0.2563673624073332 0.17958816065647187 1.0 0.0 1 
0.0 0.0 0.0 0.0 0.0 0.0 0.0 0.0 0 
0.0 0.0 0.0 0.0 0.0 0.0 0.0 0.0 0 
0.16652777777777777 0.4871572871572871 0.49741569697466825 0.7235834211259264 0.2950410716391462 0.5024926525064236 1.0 0.0 0 
0.11388888888888889 0.2847222222222222 0.24634469250174304 0.6520842570436147 0.2394940616152209 0.21455113337244075 1.0 0.0 1 
0.1742832167832168 0.30952380952380953 0.23679851684197356 0.6242564798309774 0.29740518647947145 0.18417024683639865 1.0 0.0 0 
0.12373737373737373 0.19444444444444442 0.10928558942041144 0.6939775339386477 0.3612667566661914 0.1970250631877306 0.0 0.0 0 
0.3041580814202972 0.4511203994926899 0.4762574930212969 0.9500885692080426 0.4886933352023825 0.5945461845929204 0.0 0.0 1 
0.1024074074074074 0.2709401709401709 0.23727157981160624 0.6434720838610262 0.23623800120787528 0.2084398118326564 0.0 0.0 0 
0.3333333333333333 0.5714285714285714 0.6666666666666666 0.4180486820713448 0.09158420814736672 0.029519769759912842 0.0 0.0 1 
0.4253412628685053 0.5990250188619045 0.6346496425473624 0.8424111887815042 0.569536167551464 0.6990121643986487 1.0 0.0 0 
0.5469254434086321 0.5584785161019428 0.5448739380899108 0.3775253823871578 0.13131268238626204 0.09822873745633674 1.0 0.0 0 
0.15474518903417106 0.42281260317923575 0.4931596527465867 0.6126054197138833 0.3269274815417953 0.47561739795134134 1.0 0.0 1 
0.2698470544373087 0.46997266078162614 0.4834227880943683 0.8114864376870705 0.4120825949253292 0.25030797786899495 1.0 0.0 1 
0.14683433240283958 0.23493493184454334 0.1070842562979469 0.4239418560959881 0.1340442290252325 0.18331574110760132 0.0 0.0 0 
0.23518935512132516 0.4429902591825775 0.502961836538352 0.6434118041911842 0.38303337024775463 0.3880786777380446 1.0 0.0 0 
0.1884539072039072 0.4750090187590188 0.5001579380856661 0.6979355439224146 0.3664360815647459 0.34719190721010995 0.0 0.0 0 
0.4755291005291005 0.5914902998236331 0.6125121529150752 0.7598197010674207 0.6959635109871256 0.7023312669779104 0.0 0.0 1 
0.4051767676767677 0.6098246450519178 0.6461940836256016 0.4627518159197719 0.4315987300116713 0.6082480920469252 0.0 0.0 1 
0.16652777777777777 0.48281045751633983 0.49095640812616315 0.6138488565717234 0.24658275091280682 0.25253948707631113 0.0 0.0 1 
0.18570987654320986 0.5215608465608466 0.6151404902525702 0.43384298604096094 0.18951626435294738 0.4386340551111081 0.0 0.0 0 
0.593452380952381 0.7421568627450981 0.7853159087077747 0.9286764724715344 0.5495944782123273 0.6565289196069513 0.0 0.0 1 
0.44196127946127944 0.6288827927865361 0.6568157216018125 0.5136058610683185 0.486223381306149 0.6319481474895079 1.0 0.0 0 
0.06415343915343916 0.26260504201680673 0.29477049757288876 0.1608234318437537 0.12657821554486617 0.38114612840862844 1.0 0.0 1 
0.2689043209876543 0.5613620448179272 0.635547679069997 0.6426529365119682 0.3084489295700217 0.4985529903322796 1.0 0.0 1 
0.19445970695970693 0.4617816823699177 0.4520729790525432 0.6663730122424592 0.33963312584790434 0.6200331700547833 1.0 0.0 0 
0.0 0.0 0.0 0.2954192571741485 0.037864139378084645 0.1032096458737363 1.0 0.0 1 
0.05681818181818182 0.24369747899159666 0.27124273632279644 0.4623540715714767 0.25433221274200607 0.5542742214159863 0.0 0.0 0 
0.0 0.0 0.0 0.17406490915003636 0.10612476336032166 0.09654730963242288 0.0 0.0 0 
0.32083333333333336 0.4312354312354313 0.4621015405785114 0.2021283206036809 0.01836976139541871 0.2528971616163049 0.0 0.0 1 
0.0 0.0 0.0 0.46334223190029833 0.03903295941881835 0.14908134016771668 0.0 0.0 0 
0.0 0.0 0.0 0.6482321548719598 0.17203467206598527 0.3117792834123194 1.0 0.0 0 
0.16666666666666666 0.25 0.14384103622589045 0.23325715547532289 0.08653479719040652 0.0 1.0 0.0 0 
0.0 0.0 0.0 0.26317732924101866 0.04045082860153915 0.006249286535347641 0.0 0.0 0 
0.0 0.0 0.0 0.3685180225470147 0.23759372409952317 0.41244509667346274 0.0 0.0 1 
0.07142857142857142 0.24615384615384617 0.21624805765768768 0.05417453546768247 0.0373451624759849 0.06440836838614197 0.0 0.0 0 
0.07804232804232804 0.34375 0.44034342964412193 0.09460023268365303 0.01492457537759928 0.1449314607580815 0.0 0.0 0 
0.4375 0.59 0.6 0.8673177770687658 0.6682131356346374 0.5560768518931309 0.0 0.0 0 
0.358939594356261 0.4776354174148292 0.44575493275641265 0.8683559740653362 0.5607054517639372 0.5926923040093497 0.0 0.0 0 
0.06476190476190477 0.14871794871794872 0.0909788686407379 0.4703693204912629 0.1440307665399115 0.0 0.0 0.0 1 
0.40746527777777775 0.6098938753132832 0.6156540730885619 0.7735408854979204 0.48475985838582336 0.5298542439724809 0.0 0.0 1 
0.08477032227032227 0.23295038295038295 0.2127243367780696 0.44155839550808396 0.17104797710157646 0.07537190388881822 0.0 0.0 0 
0.37192911255411254 0.5348839303302668 0.5668973613005652 0.6992089072203895 0.6335374448831641 0.7906581093588683 0.0 0.0 1 
0.10708601163146617 0.2749528249528249 0.2990235679726538 0.5735685311058298 0.1351298959468368 0.12523446615633205 1.0 0.0 0 
0.35923295454545456 0.6136458882105167 0.6578468035910812 0.8260693691707156 0.42485799631869187 0.7910287483637607 1.0 0.0 0 
0.453219696969697 0.6185170022772049 0.6731643539970646 0.5034858511273972 0.37938740286921807 0.6676581747220649 1.0 0.0 1 
0.17247474747474745 0.4106357694592989 0.3643536175150383 0.5121496215533609 0.28543007446144947 0.4104332777621338 1.0 0.0 1 
0.4190882034632035 0.5924229279492437 0.6378116913973222 0.7493667310815595 0.5034405676612199 0.6127388591840351 1.0 0.0 1 
0.39175347222222223 0.5934383706249031 0.6613484628064276 0.5089506216688334 0.36230492572372797 0.6556776115667712 1.0 0.0 0 
0.5920351871350934 0.7430299874336812 0.7814062651135547 0.8651528013980666 0.5703663893423399 0.7666525039268262 1.0 0.0 1 
0.07767455041872219 0.26288897435616526 0.32345452610598635 0.3522279014295281 0.08297276641723327 0.37798849468973933 0.0 0.0 0 
0.15346276438182904 0.4503419241200798 0.5178490755162974 0.5525287758134817 0.32761801575416605 0.27698306495606234 1.0 0.0 0 
0.13839285714285715 0.42064558195072904 0.3850670203482275 0.6377867268820352 0.38345012256852895 0.40579209009829625 0.0 0.0 0 
0.1404265873015873 0.34230006105006106 0.2617708980968294 0.23399363427204956 0.038731939408505285 0.07573583858305655 0.0 0.0 1 
0.26066468253968256 0.5461489898989899 0.5493869154910778 0.4257472351476399 0.11307179446514518 0.17943864363141376 1.0 0.0 0 
0.1523268398268398 0.33852813852813857 0.31718001126924295 0.39617522740673294 0.03339975697777352 0.05511252786041133 1.0 0.0 0 
0.18024376417233562 0.4185970542062979 0.3214921804982247 0.3976503357959904 0.13529640842500423 0.10765877542403954 1.0 0.0 1 
0.23576388888888888 0.4888461538461539 0.4283645153661585 0.39881741854604713 0.09147226411754517 0.0 1.0 0.0 1 
0.17939814814814814 0.41901848151848153 0.46170375341226244 0.401400292529987 0.17109306520588663 0.48297893023795047 1.0 0.0 1 
0.33571428571428574 0.4406307977736549 0.5 0.7996439896237869 0.49435313163470623 0.6819357108983688 0.0 0.0 0 
0.22240711432113175 0.5134981603483784 0.5667055338855655 0.4685861433720312 0.22769335862590462 0.4581352496990083 1.0 0.0 0 
0.1719165108830209 0.3908672908923292 0.4090169250872799 0.4400203226033572 0.15175995813244733 0.0 0.0 0.0 0 
0.3358503173186133 0.4053620865663945 0.43253668427799175 0.6794317955215935 0.6090770091128793 0.6728108897778744 0.0 0.0 1 
0.3180740335380063 0.5108350741635019 0.5200732337203955 0.5608474551284611 0.23774843335926213 0.47000323891182266 0.0 0.0 1 
0.05304232804232804 0.18079975579975582 0.17970576526330162 0.34132766905235645 0.12259307848183842 0.017554072397315913 1.0 0.0 0 
0.373015873015873 0.46590909090909094 0.4680824585165051 0.7218328774093727 0.6583046910148455 0.6999278626845951 0.0 0.0 0 
0.05909090909090909 0.19166666666666665 0.19734991295540338 0.5160562839014333 0.1614344392300412 0.5270707100595059 0.0 0.0 0 
0.44047619047619047 0.5119047619047619 0.5321911967599908 0.7054103521252821 0.7807604549366624 0.7858774836185566 0.0 0.0 1 
0.12667332667332667 0.29833333333333334 0.23565918050244145 0.7013300725732584 0.2352746626008602 0.48949297183140655 1.0 0.0 0 
0.47401596480504316 0.5684201918617802 0.5544259796497787 0.5773730677315158 0.5239652143693195 0.710354414714295 1.0 0.0 0 
0.42343749999999997 0.7316595441595442 0.8186632680417568 0.6741883172166692 0.24528395830114177 0.634006498224756 1.0 0.0 1 
0.0 0.0 0.0 0.43855146408027923 0.1489942029600778 0.26503699290096383 1.0 0.0 1 
0.0 0.0 0.0 0.32422826452072173 0.048591386796761615 0.15708816922297586 0.0 0.0 0 
0.0 0.0 0.0 0.06069107028348131 0.08778932100930861 0.056352136827609804 0.0 0.0 1 
0.0 0.0 0.0 0.03126552352740719 0.002127961901668436 0.0 1.0 0.0 0 
0.11812996031746031 0.3148780345471522 0.3087230474904805 0.33282005377641766 0.10694423587146631 0.0 1.0 0.0 1 
0.0 0.0 0.0 0.1413171545772105 0.06944319776000744 0.11262809687730822 0.0 0.0 0 
0.1720548957287109 0.3771379663480249 0.3809351011296602 0.4277800139277792 0.1457076126345576 0.0 1.0 0.0 0 
0.4233793796835541 0.6504529544545216 0.6813094241859012 0.6549619695680952 0.33482702064098974 0.7661934870556456 1.0 0.0 1 
0.41102269520897805 0.664102641161566 0.7018802135085654 0.8265349924801066 0.5414562314294731 0.664451713359218 1.0 0.0 1 
0.1865079365079365 0.5149879688717592 0.5769293839991517 0.6178500263212791 0.2881102963882115 0.5936127530502309 0.0 0.0 0 
0.2021380667620381 0.4265493949126987 0.3724457079419464 0.611484330318556 0.2261744683773398 0.49283072282744445 0.0 0.0 1 
0.27012471655328796 0.4411998132586368 0.4352531724606295 0.591600064797649 0.24580805601414238 0.5282919629688508 0.0 0.0 1 
0.431904761904762 0.6010989010989012 0.6637962271828532 0.8273970728797041 0.5432640449757449 0.7552644496748826 0.0 0.0 0 
0.7233766233766233 0.7944444444444445 0.8067840630001355 0.8583352604269544 0.6275545366705573 0.7922018967212177 0.0 0.0 0 
0.04093117215069362 0.13087857521465154 0.12437054442292841 0.7060520502227056 0.26162869321765597 0.5172190652084877 1.0 0.0 0 
0.036783332215711464 0.12062319433983117 0.10006818230134722 0.7510323359611792 0.17571885092654527 0.42646539403409783 1.0 0.0 1 
0.24999999999999997 0.4527147525676938 0.4990610590140666 0.7906124845470751 0.29674478901790236 0.3580505578855653 1.0 0.0 0 
0.18290816326530612 0.4360956503813647 0.45972260611561205 0.6958764734280194 0.3603905733449855 0.26303199918014997 1.0 0.0 1 
0.07448979591836734 0.3056043956043956 0.36935412084283115 0.6457903491069735 0.27059599895256964 0.12203914438284579 0.0 0.0 0 
0.378125 0.6113636363636363 0.6784797698031059 0.7321664798848873 0.46956247145574814 0.652660834050739 0.0 0.0 1 
0.30671768707482994 0.5200083542188805 0.5538104519285142 0.6917810482408211 0.46916820844953805 0.27605036369484776 1.0 0.0 0 
0.23619614512471654 0.5493104312432044 0.622606342226096 0.7069672052633729 0.3054476541372363 0.3467891224114242 1.0 0.0 1 
0.14583333333333331 0.46568955811989865 0.5489030934873865 0.7860700733551583 0.38659107905722473 0.45258526069401994 1.0 0.0 0 
0.4936111111111111 0.7481135531135531 0.7770769831026567 0.8188081083026805 0.3139897696810673 0.44621956218972864 0.0 0.0 0 
0.48333333333333334 0.7406229860365199 0.7857142857142857 0.8893176273598996 0.5595889297505232 0.5384092730253871 0.0 0.0 1 
0.0 0.0 0.0 0.2771740119584588 0.057432673900166674 0.0 0.0 0.0 1 
0.32535714285714284 0.6115095430884905 0.717736419191626 0.2584340172866284 0.0825782839083609 0.21524174747334668 0.0 0.0 1 
0.42956349206349204 0.62778293135436 0.668558131944758 0.8711153853300789 0.4754393442601507 0.562299654170182 0.0 0.0 0 
0.0 0.0 0.0 0.30649632637477087 0.07279101714630687 0.04674685594936417 0.0 0.0 0 
0.0 0.0 0.0 0.43240679651504665 0.1485573850007222 0.38680850558144764 0.0 0.0 0 
0.0 0.0 0.0 0.28326351633666125 0.040075761617948555 0.2703049339977716 1.0 0.0 0 
0.5908068783068783 0.7280501089324618 0.7716673559654612 0.40435659323964546 0.4616040699289055 0.6805612087274405 0.0 0.0 0 
0.0 0.0 0.0 0.22578695822246764 0.09889932512053842 0.36545288017126176 1.0 0.0 0 
0.2958994708994709 0.599426807760141 0.676414058258216 0.6884762250772687 0.6133428674654393 0.740699366856071 1.0 0.0 1 
0.4162059082892416 0.6183706816059757 0.6361056108790493 0.6945489747510613 0.7153358094132446 0.8040734852720683 1.0 0.0 1 
0.0 0.0 0.0 0.280111603658199 0.11981329267624664 0.33119684725199616 0.0 0.0 0 
0.5103240740740741 0.7957131052268351 0.9286316447955583 0.7408067153255411 0.6346796093694219 0.7457715359345133 1.0 0.0 0 
0.32128221504774257 0.5827883842857318 0.5855884303816692 0.5761677071140968 0.19555586230508912 0.14815394736168122 1.0 0.0 1 
0.3194047619047619 0.6657035445757249 0.812309455027756 0.7250643699585844 0.2470084256518301 0.6280055620702882 1.0 0.0 0 
0.15749999999999997 0.4628990057561486 0.5594637465936175 0.6451386301514481 0.38981240054684546 0.45874936019029433 1.0 0.0 0 
0.0 0.0 0.0 0.5214684667592295 0.11604345287208853 0.13233837595624465 1.0 0.0 1 
0.37129161954969386 0.58814003802744 0.5726264402583705 0.45105661835039723 0.23271805224216466 0.13518563664866975 1.0 0.0 0 
0.0 0.0 0.0 0.301060075074 0.1205632524507744 0.031030750196776303 1.0 0.0 0 
0.0 0.0 0.0 0.35156834292780514 0.059856521672062346 0.14850587166351856 1.0 0.0 0 
0.4203703703703704 0.5983923483923483 0.5748459954345939 0.6993694500343514 0.5792857286705332 0.6267786869305132 0.0 0.0 0 
0.19419642857142855 0.530952380952381 0.5898123589118869 0.46565345991146945 0.08431194645223467 0.14933659663425503 0.0 0.0 1 
0.5021188701076831 0.578439877452863 0.4198804875431471 0.5607466220246121 0.7489194489568053 0.7174558076524357 0.0 0.0 1 
0.2543816137566138 0.5243734335839599 0.5320428252298943 0.7178881003785245 0.21932039400082307 0.35243383048316673 1.0 0.0 0 
0.45951178451178454 0.6055630529314739 0.6345152887500491 0.8223121030692337 0.35692315097863725 0.5096426567295604 1.0 0.0 1 
0.4451233684238716 0.6311975452340384 0.6664057174502638 0.7914544686761477 0.5756838394488542 0.6732079346703159 1.0 0.0 1 
0.21512030431420637 0.49572503812376856 0.48815359710709927 0.5281836266451337 0.14421755143547405 0.2404022055969695 1.0 0.0 0 
0.12871522938123384 0.34400551266257595 0.3230254295170486 0.3428689191404415 0.09316531045503017 0.2391237763816908 1.0 0.0 0 
0.31607142857142856 0.5536151960784313 0.6482006775139884 0.8499396997649171 0.3716683962189638 0.5400749593542018 0.0 0.0 0 
0.22223759402871046 0.5640019493918157 0.5919492993372142 0.8001255280577638 0.4801617704527602 0.5750891656578672 1.0 0.0 0 
0.2357142857142857 0.4998060762766645 0.45343205224209737 0.6436961491170627 0.25826576713075783 0.31543432797807497 1.0 0.0 1 
0.14090799208974641 0.3967766681059699 0.40451462494598894 0.6233560698005121 0.3334118930006053 0.3663610778475267 1.0 0.0 0 
0.11574853463037357 0.31011750755670087 0.27881382934867316 0.7987005882922924 0.49404198043173264 0.47860098653788724 1.0 0.0 1 
0.21375 0.4435714285714286 0.45 0.6681736921057996 0.27663725884773466 0.3294809710485725 0.0 0.0 0 
0.024242424242424242 0.10158730158730159 0.10213126726829488 0.5226596831124231 0.11534162005005409 0.19973906089888668 1.0 0.0 0 
0.42000000000000004 0.4615384615384615 0.44823241136337766 0.8916307850429068 0.7513922573469867 0.7415407059241742 1.0 0.0 1 
0.267784315409601 0.4440349943297314 0.4556311780028879 0.8264060670004112 0.4223642937897319 0.5405120047522439 1.0 0.0 1 
0.026666666666666665 0.08205128205128207 0.06430988181783683 0.5377845918451164 0.15759751379721748 0.3232194505860156 0.0 0.0 0 
0.06428571428571428 0.21794871794871795 0.219859176380377 0.4747835879772031 0.16963678173201296 0.3002417910364864 0.0 0.0 1 
0.23766233766233763 0.31529411764705884 0.30010319603292457 0.804652904776652 0.6075516865552324 0.6530017798239891 1.0 0.0 1 
0.24518871867275768 0.3673357628250007 0.371864449901116 0.8233016448122801 0.6356324871695836 0.6173820119514639 1.0 0.0 1 
0.21563661946702622 0.46705703246410424 0.5187623823060178 0.7762343708324839 0.48110427201293526 0.6653402085889664 0.0 0.0 0 
0.3087871573608277 0.5140812508044407 0.5591758580335816 0.40826677832822567 0.24995048909199002 0.46756158685064336 1.0 0.0 0 
0.3377098688549688 0.527424530667489 0.5523122156828846 0.777344141809625 0.5605208890241165 0.6690914983230781 1.0 0.0 1 
0.12781722349401672 0.3326062909398953 0.36087360453421463 0.4172660823103257 0.19379688035383505 0.22082051902351577 1.0 0.0 0 
0.3655419223402735 0.5600239635326142 0.6060286110688512 0.8306525968999913 0.7068181596762304 0.6562506946484784 1.0 0.0 0 
0.34577470586503806 0.5015082049010362 0.47342968968833266 0.7663112845098701 0.5821168556901156 0.5381819965113899 1.0 0.0 1 
0.24596856628099084 0.4357566737857088 0.4778916989582165 0.6617950883867261 0.559595479844985 0.5733780142193635 1.0 0.0 0 
0.21317155067155064 0.5087418991265145 0.5503388062712123 0.7119892643851073 0.3521722419481545 0.3824798149428009 1.0 0.0 1 
0.2559506577368138 0.5424126239259296 0.598572888831957 0.666649753731029 0.3290017174926152 0.47812131698801624 1.0 0.0 0 
0.13601465795281723 0.44321341473514575 0.5319586922567238 0.5240434705823839 0.19540185201567892 0.3391756789664875 1.0 0.0 1 
0.44253663003663 0.6643023643023642 0.7002245046716407 0.7585761779479793 0.4319693495519007 0.5116874142171393 1.0 0.0 0 
0.0 0.0 0.0 0.3704119760813548 0.13211224893428744 0.14839677569544155 1.0 0.0 1 
0.1253968253968254 0.37777777777777777 0.38783360207866346 0.26554782813691236 0.1331563770622738 0.21223802455658702 0.0 0.0 0 
0.0 0.0 0.0 0.15604005119427344 0.055543584805167655 0.03443480359189512 0.0 0.0 1 
0.10379021888317388 0.4048986541720408 0.4538664142409635 0.22238770118829976 0.031653996249630494 0.3662896538921766 0.0 0.0 0 
0.0 0.0 0.0 0.19128420649970512 0.041386031073602045 0.43532670905058024 1.0 0.0 0 
0.24733966749358136 0.5826583463205577 0.7054190833464808 0.6261128794356707 0.054636585592265606 0.6351006242685534 1.0 0.0 1 
0.0 0.0 0.0 0.3787048460145933 0.19231610616687472 0.3900560892849485 0.0 0.0 0 
0.0 0.0 0.0 0.41333778913740105 0.06037812485415097 0.1438932091972142 0.0 0.0 0 
0.0 0.0 0.0 0.35317295032284823 0.05267801803573739 0.10890090119043702 1.0 0.0 0 
0.46672979797979797 0.5545920745920745 0.47470951792411414 0.47883172767035764 0.09144127370693236 0.12644333969596924 1.0 0.0 1 
0.0 0.0 0.0 0.34485207779978366 0.0 0.0030545136008362918 0.0 0.0 0 
0.047319347319347324 0.20156487232574188 0.21546759284032466 0.2887402380058268 0.09476341427314605 0.2955824530712426 0.0 0.0 0 
0.09477513227513228 0.3509607351712615 0.460782933730047 0.46423699297794996 0.04347443426916152 0.24089476560991682 0.0 0.0 1 
0.1781084656084656 0.49722813979392927 0.5666155762828755 0.43723823533613826 0.13368560769555127 0.26459886533247 0.0 0.0 1 
0.04166666666666667 0.20833333333333331 0.2554601970360037 0.16551937137213668 0.023068278175774122 0.13342185221010258 1.0 0.0 0 
0.0990909090909091 0.27174603174603174 0.222696797967748 0.5877162161593549 0.18650491466588603 0.4327689689421807 1.0 0.0 1 
0.12 0.3868131868131869 0.49418327522790395 0.27921128819455543 0.06539648632655776 0.12578771372302314 0.0 0.0 0 
0.15303571428571427 0.46997113997114 0.5270240502597585 0.6800179719482066 0.28942112124194225 0.18602818849433828 1.0 0.0 0 
0.0 0.0 0.0 0.0 0.0 0.0 0.0 0.0 0 
0.0 0.0 0.0 0.0 0.0 0.0 0.0 0.0 0 
0.16798941798941797 0.42444900778234107 0.47077158693364357 0.6359455544986119 0.350493689803427 0.48874181856796617 1.0 0.0 0 
0.31666666666666665 0.5177326486150016 0.582770518275455 0.667108886877215 0.39727464935921325 0.4476023276739717 1.0 0.0 0 
0.41369047619047616 0.5364583333333333 0.584247054196459 0.3000608554448252 0.26601024812725826 0.5901032420950706 0.0 0.0 0 
0.31299603174603174 0.47427884615384613 0.5321826861596153 0.6832069418534739 0.42295051461177147 0.41992655958223357 0.0 0.0 1 
0.13670634920634922 0.5394210568842922 0.7214471066495098 0.4751178831932752 0.20965143573486245 0.4361954979656571 0.0 0.0 1 
0.07824074074074075 0.3073919449048448 0.3701750449892045 0.20457947088511064 0.09693630970010361 0.3051318648170863 0.0 0.0 0 
0.06172839506172839 0.2777777777777778 0.31964674716864544 0.2881754762257258 0.02558533668591882 0.0672193941522638 1.0 0.0 1 
0.3914241622574956 0.6084249084249085 0.5960526411937767 0.5479519851388293 0.11073999835349281 0.2866434091220624 1.0 0.0 1 
0.0 0.0 0.0 0.2690397363276893 0.13015243768654697 0.1348686401825523 0.0 0.0 0 
0.08283522033522034 0.31946657509157506 0.3641822314263641 0.2150674834741083 0.08777215356241005 0.1365512861305508 0.0 0.0 0 
0.09299242424242424 0.37465538847117796 0.4787699544660968 0.5542663806879773 0.08937140425868098 0.10152424960893208 0.0 0.0 0 
0.17438158731396286 0.49471157525214904 0.5918610835970481 0.43856372929370535 0.13342181743237672 0.32286761069657555 0.0 0.0 0 
0.4050489484147983 0.6228590088651211 0.5853662573989414 0.5476355830608999 0.21270589282039448 0.3756191271665541 1.0 0.0 1 
0.3382288087571509 0.5549018068370455 0.5713728740966115 0.6437950560320793 0.2567869910596073 0.4270287467474609 1.0 0.0 1 
0.2273366430970349 0.46295365093950885 0.49816883239123666 0.6813639746706082 0.5115474354859384 0.4010231445410593 1.0 0.0 1 
0.35813492063492064 0.4930555555555556 0.4848342384368396 0.38972249311775853 0.4858974614983042 0.598154802682616 0.0 0.0 0 
0.5166489344125204 0.6361289483300843 0.63230367540976 0.3884017416564398 0.09384460599846312 0.1657663218159184 0.0 0.0 1 
0.319047619047619 0.45 0.46429871693531855 0.5717792892065431 0.11646740277641238 0.2981860395214959 1.0 0.0 0 
0.18263888888888885 0.446969696969697 0.5437664234458057 0.610731863960498 0.1866719642808153 0.5530573957814373 1.0 0.0 1 
0.22705026455026456 0.35429385429385424 0.3353234194116534 0.6635405822727258 0.48294880456152023 0.400720493819145 1.0 0.0 0 
0.19866407811253864 0.47101289962567594 0.5248327320286319 0.6074949043147383 0.2397739955929645 0.3135826928648599 1.0 0.0 0 
0.16757427155807317 0.48505354490132463 0.6006476579852587 0.6229297073541573 0.12888354941718685 0.07040521790524194 1.0 0.0 0 
0.4226826739986518 0.5505885137684753 0.5844881041253207 0.5188191447679945 0.14245562065245462 0.19801489666921815 1.0 0.0 1 
0.20108555141776446 0.5882392301086972 0.7392134713184375 0.6544958773700122 0.3279135756931983 0.5411736088550202 1.0 0.0 0 
0.11128524249107666 0.37368493685437676 0.4157442357488613 0.4314096857500065 0.0645744772175911 0.1753365768453022 1.0 0.0 0 
0.0 0.0 0.0 0.4235514632545414 0.1483790807974665 0.270212336081571 1.0 0.0 1 
0.0 0.0 0.0 0.3656488858533644 0.0920907864095038 0.0 1.0 0.0 0 
0.5323232323232323 0.5686396936396936 0.5693399997627091 0.5790275296564609 0.5681396562079881 0.5641860326046634 1.0 0.0 1 
0.0 0.0 0.0 0.4219213799667161 0.11766761460478906 0.20053900971297997 1.0 0.0 0 
0.0 0.0 0.0 0.4613958066501227 0.11311058275043379 0.31193478458277485 0.0 0.0 0 
0.3055457443973292 0.5925106298816272 0.6606202838772879 0.689740930916545 0.3044008074512996 0.522165363706683 1.0 0.0 0 
0.273989898989899 0.5500416051253372 0.6285161345775856 0.8480331532259566 0.47458104664216605 0.5059619188240243 1.0 0.0 0 
0.11227633477633478 0.3647480297480298 0.4217884877494804 0.5979325343683605 0.33818769269513976 0.40745886225777833 1.0 0.0 1 
0.34318954854669137 0.564553700267986 0.6023702626120007 0.7478982621136887 0.4039706556313518 0.3683442121836877 1.0 0.0 1 
0.11263736263736263 0.3420779220779221 0.3712899864976632 0.5278396727803996 0.07575088541360094 0.29889000666388443 0.0 0.0 0 
0.1111111111111111 0.28269841269841267 0.27936464719107634 0.6099657651526678 0.2670686012351604 0.5373086933799687 0.0 0.0 1 
0.18353174603174602 0.44613749540220127 0.43398579585514574 0.7735617389932433 0.3405988027433197 0.35741566013961185 1.0 0.0 0 
0.1306547619047619 0.5203216374269006 0.6761967204696874 0.1783803910820312 0.05034572222784109 0.448147197112901 1.0 0.0 1 
0.4907407407407407 0.7756410256410258 0.8764876586615618 0.9445845542263629 0.5480870050560731 0.6451643996777656 1.0 0.0 1 
0.15300925925925926 0.564766081871345 0.7322754265732229 0.17438353420124142 0.031236076611992562 0.3314260936012215 0.0 0.0 0 
0.11989795918367346 0.5304621848739496 0.7369404303361097 0.032989793105114185 0.0 0.28678094780031516 0.0 0.0 1 
0.21319444444444446 0.5324516170104405 0.6430875275900527 0.515329632909937 0.2534439898036131 0.3745797076637963 0.0 0.0 0 
0.09577020202020202 0.37999451528863293 0.4720486173853722 0.38782311958229054 0.11837493714928697 0.2311873916655503 0.0 0.0 1 
0.11157407407407408 0.31938551644434 0.2914707663851018 0.6114977293330212 0.23013684722386307 0.4612738831711494 1.0 0.0 0 
0.07498196248196248 0.23750646457413377 0.18303164615823536 0.38775938946609645 0.17309495769443506 0.4008415498956229 1.0 0.0 0 
0.38734693877551024 0.5160714285714286 0.5733341837988906 0.43726262321631937 0.6094188283773465 0.6410999928121617 0.0 0.0 0 
0.1302380952380952 0.43683053788316945 0.5101092789211817 0.31859407230435743 0.044600838929228406 0.41857671146563386 0.0 0.0 0 
0.10428571428571429 0.3956993934110639 0.49993988340063 0.6120875350776009 0.22008751281191857 0.6205130328476548 0.0 0.0 0 
0.11503968253968253 0.46223057644110277 0.5964127176082528 0.30753995237276444 0.13671087688763248 0.47161219168554436 0.0 0.0 1 
0.10111111111111112 0.3935185185185185 0.5078829767312006 0.2598626880986703 0.11725425081408344 0.400616569639039 1.0 0.0 0 
0.10520833333333332 0.36349206349206353 0.4254506822012788 0.4154552369307647 0.06523033246878868 0.5831158021002367 0.0 0.0 0 
0.5410714285714286 0.6476190476190476 0.6228574020889811 0.3332137096527632 0.18028035791380126 0.36990216143895566 1.0 0.0 0 
0.08988095238095237 0.3933423913043478 0.522000515517473 0.38866745578718387 0.0 0.20668859384237412 1.0 0.0 1 
0.278024195192297 0.5229743363270973 0.5385919983557579 0.7003091776057637 0.31742490510160326 0.4139281606378582 1.0 0.0 0 
0.12464900545094329 0.49135353365163015 0.63834949331248 0.4554010977222238 0.046058511159524924 0.2639104091669786 0.0 0.0 0 
0.36329735803402186 0.5978195923075605 0.6920396572992158 0.5792248204509292 0.24410761144167425 0.5232692410971297 0.0 0.0 1 
0.2735828311989663 0.64659800650972 0.7021264992117899 0.680257390383556 0.265886026252272 0.4528941786969239 0.0 0.0 1 
0.12229166666666666 0.49096362229102164 0.6366433975699932 0.3185996215546527 0.0052534825838769636 0.10411451123622077 0.0 0.0 1 
0.06111111111111111 0.3088450292397661 0.37347579188919966 0.2253083992136764 0.012799639935165136 0.025990161454250052 0.0 0.0 1 
0.13190476190476189 0.36233139409609993 0.32113398079814126 0.2931957555403648 0.12924607098892185 0.5642927826293909 1.0 0.0 0 
0.6055555555555556 0.7570175438596491 0.8 0.49897364041686076 0.5158625018017099 0.8230170662422324 1.0 0.0 1 
0.14242424242424243 0.4359383753501401 0.4788006446042402 0.30196848468979354 0.14298090446240225 0.37342506365010875 1.0 0.0 0 
0.22373015873015872 0.6213888888888889 0.668972479053981 0.5924629533876693 0.16315385213580486 0.21862201094306646 0.0 0.0 0 
0.09 0.32597402597402597 0.4205663167399354 0.6611997852311285 0.2416737839824506 0.41837283973596245 1.0 0.0 1 
0.21595238095238095 0.5670112781954887 0.6212972934304358 0.7151844075451653 0.3419261448685661 0.4615433814174766 1.0 0.0 1 
0.3849206349206349 0.5620915032679739 0.6542151436420963 0.23039332663357492 0.5343728836077691 0.7429188112354846 1.0 0.0 0 
0.16666666666666666 0.5399053188526872 0.6826678573184468 0.17329038903681426 0.1034583807510911 0.5476366110706624 0.0 0.0 0 
0.1244047619047619 0.39706539074960123 0.4340806305814244 0.5451405685328727 0.23312213123222789 0.5565494939630542 0.0 0.0 0 
0.0 0.0 0.0 0.3464162858135075 0.08651853623368777 0.2431805802890801 0.0 0.0 0 
0.0 0.0 0.0 0.0 0.0 0.0 0.0 0.0 1 
0.0 0.0 0.0 0.0 0.0 0.0 0.0 0.0 0 
0.0 0.0 0.0 0.0 0.0 0.0 0.0 0.0 0 
0.0538592224261184 0.09253107178146866 0.03864282784143011 0.41358806698380457 0.1394756592371567 0.22580342118902258 1.0 0.0 1 
0.3967046774068195 0.6328026393927135 0.664061798151167 0.6516245006938617 0.2725628414830332 0.46176064103321346 1.0 0.0 1 
0.1607142857142857 0.21428571428571427 0.0 0.3913265923214686 0.04030666790181957 0.2560656964293128 1.0 0.0 0 
0.0 0.0 0.0 0.4148714214298015 0.07614522278062297 0.11211160791029184 1.0 0.0 1 
0.25 0.3333333333333333 0.0 0.3617604224216542 0.093212249660475 0.15025605064236883 1.0 0.0 1 
0.1875 0.25 0.10788077716941784 0.3917374189046341 0.10727056779686277 0.0 1.0 0.0 1 
0.3291383219954649 0.4716604823747681 0.433602504202481 0.6835618191588484 0.18750847031236073 0.25236875262995284 1.0 0.0 0 
0.04444444444444444 0.15064935064935064 0.14659027451958853 0.5921234364837381 0.16147569929964747 0.06300742429789588 0.0 0.0 0 
0.19940476190476192 0.43166666666666664 0.37170503310806324 0.6596425592914974 0.22710268865388744 0.191892577599489 0.0 0.0 1 
0.10416666666666666 0.33333333333333337 0.41666666666666663 0.5738268928592456 0.21871060427592837 0.40592834375911574 0.0 0.0 0 
0.28125 0.5961538461538463 0.6078807771694178 0.6215197001801306 0.1933677897612169 0.23094175541316975 0.0 0.0 0 
0.22833333333333333 0.5265037593984963 0.5434966735468287 0.5273506422376214 0.1814821075372878 0.09243993703646135 0.0 0.0 0 
0.0975 0.3107692307692308 0.3741162056816888 0.4432908728890258 0.07065030329639349 0.24073792201150404 0.0 0.0 0 
0.0 0.0 0.0 0.32758039180208576 0.08835087940905983 0.2737929428571026 0.0 0.0 1 
0.0 0.0 0.0 0.35970524731049136 0.07632235102735715 0.0832275817366726 0.0 0.0 0 
0.0 0.0 0.0 0.07958002128408181 0.0643455134801467 0.02191728285239595 0.0 0.0 0 
0.0 0.0 0.0 0.1592750228930141 0.1740273134938422 0.10161311740706497 0.0 0.0 1 
0.09910714285714287 0.42994639376218324 0.5539502044031285 0.12575295687774868 0.09222025278911529 0.0 0.0 0.0 1 
0.04990530303030302 0.20840189222542166 0.23098324913230034 0.3124663860218445 0.14767474964679397 0.49081236389448984 0.0 0.0 1 
0.5833333333333334 0.5833333333333334 0.5833333333333334 0.5292354901717791 0.45492339070268195 0.5417964680600569 0.0 0.0 0 
0.235515873015873 0.3296078431372549 0.25503059119562316 0.386819236129341 0.12018896466156918 0.07119637127131606 1.0 0.0 0 
0.054230769230769235 0.1434065934065934 0.10293371292434131 0.23512614880406224 0.06288159076400099 0.4494636805949736 1.0 0.0 1 
0.342929292929293 0.5668067226890756 0.5460332157450491 0.6001496441530341 0.2080064923340576 0.3684591541080504 1.0 0.0 1 
0.08569023569023569 0.3180887739711269 0.3000591410212974 0.17369553621322975 0.1637643966212524 0.3462760808712852 0.0 0.0 0 
0.0 0.0 0.0 0.0 0.0 0.0 0.0 0.0 1 
0.23006986077781927 0.5994043104668878 0.6400091267801793 0.5142162983275593 0.1979901144502768 0.42737259572924635 0.0 0.0 0 
0.0 0.0 0.0 0.0 0.0 0.0 0.0 0.0 0 
0.4263425538655136 0.6978048313354728 0.7826183033359939 0.24997781702019495 0.2606085952130797 0.40916970413297515 0.0 0.0 1 
0.0 0.0 0.0 0.0 0.0 0.0 0.0 0.0 0 
0.12822751322751325 0.46579365079365076 0.6111412931264905 0.2477709220768609 0.09196997899626497 0.40041674396086085 1.0 0.0 0 
0.1446506734006734 0.43991071428571427 0.49238080429684805 0.610774972614845 0.2728065740218556 0.4562081700506956 1.0 0.0 1 
0.18970492470492467 0.46571520527402877 0.4811292356510344 0.47099405882140055 0.14856402692703463 0.09679844571569841 1.0 0.0 1 
0.1886904761904762 0.5705128205128205 0.6399916128793216 0.1740231047430374 0.05183923444804736 0.16092412811222137 0.0 0.0 0 
0.28739316239316237 0.375 0.36972168458897503 0.531722053271513 0.5870106388224314 0.5355842053122002 0.0 0.0 1 
0.6433080808080809 0.8183940242763772 0.877298557126444 0.9437255543823058 0.7061600762115889 0.7339115232930972 0.0 0.0 1 
0.05335081585081586 0.14926739926739926 0.11283551903265701 0.3819615722899672 0.1436956870370535 0.05951364927517515 0.0 0.0 0 
0.08009259259259259 0.3341503267973856 0.41347154216862103 0.33290610052385994 0.12540453493414425 0.0 1.0 0.0 0 
0.1326118326118326 0.34912255500490796 0.2943348052630578 0.5073832890509047 0.2372767597310298 0.23026814841220258 1.0 0.0 1 
0.1725829725829726 0.48811670785355 0.5127878596202124 0.5202410387547926 0.22357634539433496 0.316842425640184 1.0 0.0 1 
0.3557449494949495 0.5824770258980785 0.5805294200653905 0.874227744925815 0.5084997453839529 0.2385712504274714 1.0 0.0 0 
0.1919642857142857 0.46762645249487356 0.42152878783862247 0.451005279979519 0.2132035962328316 0.4116007915860837 1.0 0.0 0 
0.30205112347969487 0.5153707764097375 0.5326751483791025 0.5509635211542382 0.19850594564738167 0.49772641026093595 1.0 0.0 0 
0.21873840445269016 0.49700722394220853 0.4664819195319062 0.19440315576353306 0.10928428026647648 0.13087175261512732 1.0 0.0 1 
0.276601843763875 0.4788417810379725 0.5379120743910232 0.29602990315336863 0.18862349254339 0.047447392547563985 1.0 0.0 1 
0.195505883005883 0.4927126497982113 0.49111093446990883 0.18185053067297763 0.12547178659327063 0.031586877486182094 0.0 0.0 0 
0.0 0.0 0.0 0.0 0.0 0.0 1.0 0.0 1 
0.0 0.0 0.0 0.0 0.0 0.0 0.0 0.0 0 
0.22521659041912945 0.4357956999001432 0.43271480724700506 0.7498023281835164 0.3921838859340316 0.3108274064906739 1.0 0.0 0 
0.17886456744842974 0.374914021702349 0.27334508368905686 0.3120354167910864 0.08788294055616082 0.05388544109391651 1.0 0.0 1 
0.3008727927644187 0.37685847738729883 0.32907825513806505 0.4774411216961407 0.3897384568537908 0.25584293860488583 1.0 0.0 1 
0.3057227355787658 0.35436728269451895 0.2900631596687447 0.6816894862408879 0.2928185792307617 0.2660161244359384 1.0 0.0 1 
0.125 0.3333333333333333 0.26750620795404934 0.2866527071602727 0.12052969544248572 0.1062871339885999 1.0 0.0 0 
0.0 0.0 0.0 0.6227279161467236 0.26304439443016203 0.2958764707774072 1.0 0.0 1 
0.20075757575757575 0.4375 0.36802991150924813 0.24083308045306073 0.09757093639068079 0.077588930438403 0.0 0.0 0 
0.125 0.1875 0.10788077716941784 0.5317255896511148 0.3075543414335464 0.12677540169015916 1.0 0.0 0 
0.3611111111111111 0.4017857142857143 0.3726723524264708 0.46322114310230766 0.3292236456598689 0.29693670209045 1.0 0.0 1 
0.0 0.0 0.0 0.4446438611810529 0.1604259772751262 0.12180463416267105 1.0 0.0 0 
0.0 0.0 0.0 0.48172922121327777 0.12548942529075513 0.26462443319569806 1.0 0.0 1 
0.0 0.0 0.0 0.5195543859748053 0.05977726866264382 0.1899847193777153 0.0 0.0 0 
0.0 0.0 0.0 0.0 0.0 0.0 0.0 0.0 1 
0.0 0.0 0.0 0.0 0.0 0.0 0.0 0.0 0 
0.0 0.0 0.0 0.5370757005270348 0.1898233099129284 0.18449674845039668 0.0 0.0 0 
0.2111492673992674 0.48272442373158314 0.5534915060192965 0.7380260216323404 0.2586504353515812 0.3882674780099063 1.0 0.0 0 
0.6220238095238095 0.7487745098039216 0.7816392040096539 0.4845498797389278 0.4881862471202357 0.768655526656027 1.0 0.0 1 
0.09627976190476191 0.3614468864468865 0.41333915859474746 0.4127256326503952 0.149605409956903 0.11358968575170844 1.0 0.0 1 
0.2633089133089133 0.5280911570313744 0.5950944776322323 0.3984923877899571 0.3622384963453384 0.4002773567866902 1.0 0.0 0 
0.3281949531949532 0.588203844086197 0.6432908631341734 0.7791538442160296 0.5179556449912608 0.5101152016178396 1.0 0.0 1 
0.11607142857142856 0.370018115942029 0.3432848587436756 0.3717756398840518 0.1255751335516705 0.13581190905031298 0.0 0.0 0 
0.1736111111111111 0.4266837169650468 0.4704888045918693 0.2509902462496274 0.10380326817110568 0.33040808603070265 0.0 0.0 1 
0.34138257575757575 0.7624297271356095 0.8361907191935948 0.3954160934188067 0.07157621597606788 0.5711607659196549 0.0 0.0 1 
0.13799603174603176 0.4357056121218683 0.5344530458434752 0.42590558030867975 0.20553090755568482 0.11416291227635465 0.0 0.0 0 
0.11384479717813051 0.40164399092970526 0.5173651694103862 0.5592367955800396 0.2538525169424105 0.35015591836719484 1.0 0.0 0 
0.103505291005291 0.40319865319865317 0.5230181506324669 0.6979565458152095 0.19855208880586267 0.37209805222915676 1.0 0.0 0 
0.0 0.0 0.0 0.0 0.0 0.0 1.0 0.0 1 
0.32857142857142857 0.5069230769230769 0.5281758178373305 0.22665741761586333 0.17546712226088965 0.34585727661509313 0.0 0.0 0 
0.0 0.0 0.0 0.0 0.0 0.0 1.0 0.0 0 
0.04375 0.07777777777777778 0.0 0.37106593384338615 0.1230120265761385 0.3139764974122756 1.0 0.0 1 
0.0 0.0 0.0 0.0 0.0 0.0 0.0 0.0 0 
0.05 0.09090909090909091 0.0 0.4123859370900078 0.10713398876977659 0.35975092048832574 0.0 0.0 0 
0.47916666666666674 0.5819088319088319 0.5171508570070368 0.3759658469172338 0.20824783504853664 0.370234035343013 1.0 0.0 1 
0.6666666666666666 0.6666666666666666 0.6666666666666666 0.8357098416001092 0.8185016268753191 0.7446028925591578 1.0 0.0 1 
0.18353174603174605 0.4355218855218855 0.34313704241285 0.49083718011885613 0.28115809083371984 0.20608169783707533 1.0 0.0 1 
0.6 0.6 0.6 0.9286613742979656 0.6126569940458679 0.583324844542427 0.0 0.0 0 
0.21999999999999997 0.4831908831908831 0.5282211341364603 0.16840560963952966 0.037862526234294605 0.0 0.0 0.0 0 
0.2972222222222223 0.32307692307692304 0.29383958978969804 0.9427429220543307 0.5713849905245754 0.6721247674498665 0.0 0.0 1 
0.08333333333333331 0.18860398860398858 0.11668462217097722 0.14513960132218862 0.06895444620244205 0.0 1.0 0.0 0 
0.19297092921536868 0.5894929168914125 0.6618116723867254 0.3831836347110863 0.1460178591075253 0.03290476737767462 1.0 0.0 1 
0.06746031746031746 0.29769736842105265 0.402223214432039 0.3781758399358921 0.20678680217785186 0.3990569068789771 0.0 0.0 0 
0.12648809523809523 0.48303571428571435 0.625460494749228 0.5892652449401127 0.29508404496806884 0.16509252468843763 1.0 0.0 0 
0.27291666666666664 0.4201719576719577 0.5 0.6104198117682635 0.2319226883718024 0.4043357348927254 1.0 0.0 1 
0.17396335136816948 0.5358166380769314 0.6427654073992037 0.35740913962108056 0.13734141866491653 0.11988102777028446 0.0 0.0 0 
0.14792282297158865 0.5159331589644649 0.6665239560525043 0.08875715513077065 0.05082546514075235 0.1800303755784898 0.0 0.0 1 
0.12430555555555556 0.4882753101240496 0.6124617459731921 0.2597788161759863 0.1460182246765422 0.25688329907912894 0.0 0.0 1 
0.28279034843010264 0.6775813811958142 0.7869246069966245 0.2555484726532179 0.08479351466562912 0.3873648104432748 1.0 0.0 0 
0.15509617307523005 0.489636256579262 0.5808318206171545 0.3040618132134354 0.025125075076632242 0.2903135157653011 1.0 0.0 0 
0.15012828448804522 0.3910301566594605 0.43375376459701426 0.19594921692501366 0.13158387539868618 0.3061895434634345 1.0 0.0 1 
0.36585884353741494 0.6602439227439227 0.7316484982746901 0.6740220303514587 0.2185929108488106 0.3565471556419513 0.0 0.0 0 
0.103125 0.44901315789473684 0.5700396393873938 0.16774415302922097 0.12869973927918296 0.25166048794528045 1.0 0.0 0 
0.07715242282165505 0.3123018840295356 0.39420292099902954 0.5426319480121646 0.10977102441779714 0.3089590208297785 1.0 0.0 1 
0.0 0.0 0.0 0.0 0.0 0.0 0.0 0.0 0 
0.0 0.0 0.0 0.0 0.0 0.0 0.0 0.0 0 
0.05381614239466925 0.16116357426343028 0.13564278859566692 0.5938497007750944 0.3376324620875006 0.6549275886972042 1.0 0.0 0 
0.22329931972789113 0.4583487940630797 0.37150464287330065 0.4985709744743594 0.18551377595367574 0.5996588610974702 1.0 0.0 1 
0.08358754884748645 0.30512887468549477 0.3657261059472577 0.533040829285983 0.2645163670100879 0.5507816139627763 0.0 0.0 0 
0.4029761904761905 0.6728174603174604 0.6750893325585484 0.6969115670502741 0.5705127741486482 0.6214754669178799 1.0 0.0 0 
0.46964285714285714 0.7425254312251216 0.7670367824792317 0.7572677022291829 0.5886555238252901 0.6120401605100684 0.0 0.0 0 
0.30464852607709747 0.5551020408163265 0.6041866478268874 0.4902064909477384 0.2342537039598924 0.23508093202133415 0.0 0.0 1 
0.45138888888888884 0.6994517543859649 0.7355565477653724 0.8089609917390977 0.6410475802618241 0.5269322357331817 1.0 0.0 0 
0.19603174603174603 0.4924650415721844 0.5594354325089079 0.49212626088955236 0.18139696659347634 0.17425464352963302 1.0 0.0 0 
0.20370370370370366 0.47216553287981855 0.5310880502909372 0.7569942292772243 0.5050815342908659 0.18687479629169387 1.0 0.0 0 
0.29285714285714287 0.5027829313543599 0.5776436697849736 0.3937329457617259 0.11177533710311231 0.041353102038208994 1.0 0.0 1 
0.21296296296296297 0.47063492063492063 0.5811454286753862 0.44674808123220255 0.17934238903089203 0.0821714074059153 1.0 0.0 0 
0.0 0.0 0.0 0.0 0.0 0.0 0.0 0.0 1 
0.0 0.0 0.0 0.15913853907679987 0.03802946198470591 0.0 0.0 0.0 1 
0.0 0.0 0.0 0.0 0.04017175957332819 0.18823176718631998 0.0 0.0 1 
0.0 0.0 0.0 0.0 0.0 0.0 0.0 0.0 0 
0.13339285714285715 0.3900412087912088 0.4800445633405176 0.29601100970163596 0.03663210353325762 0.043989143344296606 1.0 0.0 0 
0.6 0.6 0.4158883083359672 0.5463667664455178 0.18317937744664697 0.10535770037389261 1.0 0.0 1 
0.07514880952380952 0.311624649859944 0.3851112602367872 0.4204750763482247 0.15573570378984797 0.3485626974089491 0.0 0.0 0 
0.0 0.0 0.0 0.2643004734641443 0.06478714000333595 0.079653750066097 0.0 0.0 1 
0.0 0.0 0.0 0.03020460526263924 0.0 0.0 1.0 0.0 0 
0.0761904761904762 0.28645833333333337 0.39500148831472515 0.47470160424101726 0.27018625368083 0.17429902997378513 1.0 0.0 1 
0.0 0.0 0.0 0.07431947757691137 0.017300995756992222 0.0 0.0 0.0 0 
0.0 0.0 0.0 0.5479032432273157 0.23245673039096287 0.08096741833071106 1.0 0.0 0 
0.03888888888888889 0.07 0.0368761804802392 0.4723150570448664 0.17703835855408567 0.17384101466284005 1.0 0.0 1 
0.0 0.0 0.0 0.24544340945587773 0.004448646123859867 0.05493467268479371 1.0 0.0 0 
0.39444444444444443 0.5634920634920635 0.641216310064534 0.2600372802905019 0.07556207760237649 0.08926342761963844 0.0 0.0 0 
0.17638888888888887 0.42841880341880345 0.4654844012580372 0.5313517366064686 0.2309316773968113 0.23927018738023684 1.0 0.0 0 
0.4847222222222223 0.6756127450980391 0.7305687072170184 0.8701363312430567 0.6726760424929787 0.7269182322506997 1.0 0.0 0 
0.08686868686868687 0.2633333333333333 0.3041360116108077 0.46078173238339426 0.09316617471635172 0.29680613174993814 0.0 0.0 1 
0.12698412698412698 0.3 0.1996339846006057 0.5972712325113925 0.30409766480022593 0.2135221750655453 0.0 0.0 1 
0.1882575757575758 0.46862745098039216 0.4649443339031404 0.2702809825152319 0.017746389775125354 0.3797743487131605 0.0 0.0 1 
0.11681547619047619 0.3478708791208791 0.3867463100390963 0.46720922856419556 0.21015261991864612 0.23682308188056178 0.0 0.0 0 
0.15944940476190475 0.411525974025974 0.3819155803952434 0.6205582385667938 0.35605886794743463 0.1308944985711366 1.0 0.0 0 
0.15833333333333333 0.33333333333333337 0.20436815762880292 0.389087904187138 0.10945915972722776 0.0 0.0 0.0 0 
0.20833333333333331 0.4746212121212121 0.5306168056095542 0.8000353988793574 0.5031279627846749 0.14129516725403576 0.0 0.0 1 
0.48611111111111116 0.6944444444444444 0.7697074418280015 0.6895392837715594 0.27938136844519507 0.14456177191230593 0.0 0.0 1 
0.24722222222222223 0.5021367521367521 0.4973672277510974 0.6916773416579706 0.4408331908494552 0.29830865962000974 0.0 0.0 1 
0.0 0.0 0.0 0.0 0.0 0.036410614801260476 1.0 0.0 0 
0.0 0.0 0.0 0.08998460627292593 0.03615670518614678 0.0 0.0 0.0 0 
0.28888888888888886 0.6296296296296295 0.7636783997069414 0.6937659976491054 0.2660839316187367 0.3849980879225853 1.0 0.0 0 
0.19771825396825396 0.5551282051282052 0.6079673557041106 0.5949721174800385 0.11226361066334338 0.06580948025566932 1.0 0.0 0 
0.2 0.4977272727272727 0.586930386874396 0.5305555303018886 0.13784179002453179 0.27923416592109207 1.0 0.0 1 
0.0 0.0 0.0 0.3723291536553224 0.08883559099217421 0.17960587951688245 1.0 0.0 1 
0.0 0.0 0.0 0.42409540235277876 0.06432626222661951 0.13831150843835116 0.0 0.0 0 
0.1267361111111111 0.38900560224089636 0.447101585639753 0.6418252239304358 0.21219443805340743 0.29757867866437665 0.0 0.0 1 
0.3217592592592593 0.4837719298245614 0.46343036730355947 0.5577550433454685 0.6731408350563093 0.535303401039823 0.0 0.0 1 
0.15519294257102845 0.40283055532115764 0.4328598450883286 0.5477748234659956 0.17453747672044911 0.2648976940286226 0.0 0.0 1 
0.7708333333333333 0.8333333333333333 0.74084242525838 0.5140781550092764 0.5960112523242638 0.6981996619097597 0.0 0.0 1 
0.14930555555555555 0.35457516339869277 0.37868831524398483 0.2844667160952393 0.016472343277236935 0.0 1.0 0.0 0 
0.1750041042032813 0.4171545877252616 0.30205255180872354 0.5243172042282174 0.1024117911957677 0.4130879449196449 1.0 0.0 0 
0.10269704677430976 0.337134489600709 0.37001718556331686 0.5160247773236073 0.1933218044498538 0.343828131021833 1.0 0.0 0 
0.4743686868686869 0.5443589743589743 0.5304082694896078 0.4863642699854491 0.45592175537496493 0.6718074356128041 0.0 0.0 0 
0.1395833333333333 0.4832460109549893 0.6189385423108842 0.5300669102719874 0.17112423889785497 0.28705263892456717 0.0 0.0 1 
0.03787878787878788 0.06944444444444445 0.036254740412345755 0.3329334752084222 0.0035404761204381537 0.26595558969012556 0.0 0.0 1 
0.0890909090909091 0.29583333333333334 0.3693685302147767 0.34802670358197596 0.03541410297366418 0.3326896675986794 0.0 0.0 0 
0.11836691086691087 0.4599561403508772 0.5836868738887923 0.3739385226274804 0.09203270534508806 0.2545189853388339 0.0 0.0 0 
0.125 0.38807026307026304 0.43207960860115424 0.5113959002404618 0.16242166487915288 0.20756522063031652 1.0 0.0 0 
0.0 0.0 0.0 0.42598711514094434 0.18100152922949603 0.23813886165293424 1.0 0.0 1 
0.15219907407407407 0.44933261183261186 0.5026319947966869 0.3872098111941993 0.09795418874737861 0.09746182706670752 1.0 0.0 1 
0.0 0.0 0.0 0.4903688255833085 0.1319820949576718 0.08002883580806996 1.0 0.0 0 
0.0 0.0 0.0 0.4247534731049645 0.09056045741862856 0.13076078731242688 0.0 0.0 0 
0.0 0.0 0.0 0.0 0.0 0.0 0.0 0.0 1 
0.14305555555555555 0.37272727272727274 0.39032677031831453 0.7110822794804281 0.37848465434072115 0.3026041099154001 0.0 0.0 1 
0.1690079365079365 0.49769841269841275 0.5328220024197748 0.29160963960904973 0.06658280705943938 0.14614489971801983 0.0 0.0 1 
0.0 0.0 0.0 0.0 0.0 0.0 0.0 0.0 0 
0.2795138888888889 0.5380065359477124 0.5969112548468499 0.6076475909157084 0.33106889829087427 0.4462075604023532 1.0 0.0 0 
0.4079861111111111 0.6017156862745099 0.5570784236607649 0.6867606769070836 0.49767073994305544 0.6305374813880401 1.0 0.0 1 
0.1545609483109483 0.42331871345029237 0.4868581439828803 0.7041625615319071 0.4540523928458822 0.4140556909652028 1.0 0.0 1 
0.2686237373737374 0.5014111705288176 0.5658633067916672 0.7421237678884225 0.5177182778939302 0.5815554974109644 1.0 0.0 1 
0.22722222222222224 0.4395019931049343 0.45332743006336607 0.8671321696023147 0.46505929075419733 0.48175139934801453 1.0 0.0 0 
0.15745701058201056 0.3989455397543633 0.44543338241925945 0.6970879441380088 0.29890798959631654 0.2501873060287023 1.0 0.0 0 
0.22254539442039442 0.5145652958152958 0.6284265739707617 0.8632275709681965 0.47937500790715926 0.5624858030731948 1.0 0.0 0 
0.26894303788243185 0.5770911731696046 0.6235079811589808 0.8664881618435901 0.4686494747782598 0.4705640365853881 1.0 0.0 0 
0.2905864197530864 0.5906162464985995 0.646629743488794 0.7817959694434922 0.27247181918383057 0.49362068860684366 1.0 0.0 0 
0.246871492704826 0.5980921855921856 0.6821580071815927 0.786346974856277 0.35131436068136307 0.4032588088231809 1.0 0.0 1 
0.2612037037037037 0.5604841950275387 0.6340952220579573 0.6586428829628193 0.24855519681376975 0.4236177638397775 1.0 0.0 1 
0.342581569664903 0.601258309591643 0.6535098337229281 0.6936226301903876 0.3487773210454829 0.5105040986530833 0.0 0.0 0 
0.3088888888888889 0.529856182689 0.5554064539012289 0.554817408686332 0.30229277026174417 0.3764781362700879 1.0 0.0 0 
0.13541666666666666 0.35833333333333334 0.395095047514349 0.17799384492960513 0.13594000357314984 0.3923644371964681 1.0 0.0 1 
0.3732142857142857 0.6076680672268907 0.6583828481561307 0.6523003385171279 0.5677827713676912 0.5950454379975911 1.0 0.0 1 
0.4305555555555556 0.6452813852813852 0.7033920315000678 0.22161617111866505 0.0026245138688787946 0.26539554290672773 1.0 0.0 0 
0.08845238095238095 0.3042116461969403 0.36883257006372344 0.6241124784572704 0.3607184827832238 0.4665041709074853 1.0 0.0 1 
0.510989010989011 0.6469588186151654 0.6500419173753298 0.7985777910475407 0.6866908677006612 0.6795828316567137 1.0 0.0 1 
0.10625000000000001 0.3571428571428571 0.43875896457747227 0.3195835819370416 0.01696430116344962 0.40402827340624453 1.0 0.0 0 
0.36458333333333337 0.525 0.5833333333333333 0.8294666770418588 0.4896757041445246 0.6313841559142331 0.0 0.0 0 
0.03333333333333333 0.1568627450980392 0.15666787641524518 0.5807179442479082 0.3770327272894052 0.48892827673931627 0.0 0.0 0 
0.2339525553811268 0.5411982336794368 0.6346566761717571 0.6656404736981485 0.21636051405094384 0.10999806386456744 1.0 0.0 0 
0.06552706552706553 0.244047619047619 0.25826205341491454 0.6862524451372338 0.1856623265101637 0.2697848434876792 1.0 0.0 1 
0.2756998556998557 0.4635660418013359 0.4622228965607572 0.8202041605939832 0.45452141246182637 0.15122029951687546 1.0 0.0 0 
0.10208333333333332 0.3596270396270396 0.3566433778165564 0.7367650958506111 0.2587723104133549 0.3159098181477891 1.0 0.0 0 
0.0 0.0 0.0 0.0 0.0 0.0 1.0 0.0 1 
0.0 0.0 0.0 0.0 0.0 0.0 0.0 0.0 0 
0.0 0.0 0.0 0.0 0.0 0.0 0.0 0.0 0 
0.08888888888888889 0.33333333333333337 0.4109602590564726 0.28930697325210386 0.03242801164581203 0.09364911939025931 0.0 0.0 0 
0.284375 0.37115384615384617 0.35 0.5245384634097934 0.5151825185880772 0.5388732119825546 0.0 0.0 1 
0.75 0.75 0.75 0.8248688376349345 0.7023586435797818 0.7558029725944884 0.0 0.0 1 
0.12000000000000001 0.4666666666666667 0.6 0.41193361387190586 0.13841501128164424 0.20184627261611118 0.0 0.0 0 
0.08916666666666667 0.27182072829131654 0.30296194171811586 0.5157752077508246 0.10866853959392139 0.14785400904119625 1.0 0.0 0 
0.11631944444444445 0.281497668997669 0.2368035444446025 0.5812789029559733 0.2365509690482685 0.10157958591155083 0.0 0.0 0 
0.12395833333333334 0.2732406525363182 0.20930438363242662 0.6583416117875377 0.29060821123506964 0.1417935979965132 0.0 0.0 0 
0.059375 0.17482517482517484 0.13802603427152885 0.5397228435390692 0.23778996666834917 0.15807671140466864 0.0 0.0 1 
0.12575757575757573 0.30833333333333335 0.358701137698963 0.6350566294950493 0.4731894304988567 0.5943543573080246 0.0 0.0 0 
