0.0 0.0 0.0 0.0 0.0 0.0 0.0 0.0 0 
0.0 0.0 0.0 0.0 0.0 0.0 0.0 0.0 0 
0.0 0.0 0.0 0.0 0.0 0.0 0.0 0.0 0 
0.0 0.0 0.0 0.0 0.0 0.0 0.0 0.0 0 
0.0 0.0 0.0 0.0 0.0 0.0 1.0 0.0 0 
0.0 0.0 0.0 0.0 0.0 0.0 0.0 0.0 0 
0.1611111111111111 0.33333333333333337 0.30296957829959364 0.5251181839720298 0.22290632818019948 0.40752265545632155 1.0 0.0 0 
0.11607142857142858 0.3344155844155844 0.31575320053097067 0.19512167340214015 0.08862380077689574 0.18954633624314216 0.0 0.0 0 
0.09375 0.2727272727272727 0.18087154261266608 0.0 0.0 0.0 0.0 0.0 0 
0.07314814814814814 0.27564102564102566 0.2778326102308469 0.0 0.0 0.0 0.0 0.0 1 
0.2746147186164994 0.4694420574199382 0.49050809075294455 0.534458615702765 0.40080073610341443 0.5244570048506524 1.0 0.0 0 
0.26936451748067464 0.48806206872400215 0.5162515682741295 0.4509186670865468 0.24135044218891427 0.5497290115184842 1.0 0.0 0 
0.29502551020408163 0.5299274973147153 0.5944647393700027 0.41496493574178106 0.18469103239068435 0.23144626575657984 0.0 0.0 0 
0.14513888888888887 0.45213675213675214 0.5669854452721583 0.4797390953719399 0.15634713940816708 0.13050908298612834 0.0 0.0 0 
0.22687074829931975 0.48648904006046856 0.5056857494947942 0.5868505497152621 0.2020567811271103 0.1744326624684335 0.0 0.0 0 
0.2734183673469388 0.40699546485260774 0.37720896891922157 0.5994941105960924 0.28235451380965765 0.19829763918713653 1.0 0.0 0 
0.175 0.5831864729697547 0.7064538521137571 0.1432107847770565 0.13123429291320066 0.30524238712683555 0.0 0.0 0 
0.15833333333333333 0.5095022624434389 0.6064538521137571 0.05263615665833177 0.03500523791840858 0.24747671088821677 0.0 0.0 0 
0.4933333333333333 0.6 0.5880014516982943 0.76073882299937 0.5914436947078908 0.5438386602039887 0.0 0.0 0 
0.36642857142857144 0.5155555555555555 0.4797820851515955 0.6372024646320255 0.4464187209492872 0.3015176502733308 1.0 0.0 1 
0.40980436083356253 0.7083613219866729 0.8330185344386772 0.6227019398120806 0.2881516991295284 0.2794990908279964 1.0 0.0 0 
0.35137211844751115 0.6141929110337883 0.6258511849962718 0.7348416982800012 0.3366496686959336 0.5321248122048108 1.0 0.0 0 
0.3458333333333333 0.5590277777777777 0.652223214432039 0.5537904325516295 0.2826418099059452 0.5369660646438026 0.0 0.0 0 
0.15313852813852813 0.4950469608364345 0.5810592329508246 0.36452980145993674 0.17585244577109607 0.4193938871650586 0.0 0.0 0 
0.12361111111111112 0.43278830670135016 0.4627660164655807 0.7562060222301696 0.3896777065635772 0.4252331305568833 1.0 0.0 0 
0.375 0.5294117647058824 0.5643823935199818 0.7495042740567223 0.49553434536817065 0.4656895000904625 1.0 0.0 0 
0.3958333333333333 0.4646011396011396 0.3704711884834042 0.4182636173799218 0.2384204986038538 0.22406870116509686 1.0 0.0 0 
0.11875 0.19545454545454544 0.09012342804514042 0.642176703822898 0.37084280336928255 0.46415494236359917 0.0 0.0 0 
0.06714285714285714 0.11249999999999999 0.0613730366694125 0.368344448795936 0.15109283675708585 0.12471160712447907 1.0 0.0 0 
0.12720238095238096 0.31345959595959594 0.28269955831496296 0.5391787442108418 0.2530135014388489 0.29370074417821335 1.0 0.0 0 
0.0625 0.20454545454545453 0.21576155433883568 0.6066497858379014 0.4111170905693043 0.3347112473707448 0.0 0.0 0 
0.08333333333333333 0.2727272727272727 0.2876820724517809 0.349178642116873 0.2437151297546334 0.17034739957178138 1.0 0.0 0 
0.10250000000000001 0.2963636363636364 0.3119162312519754 0.33486368611379413 0.1511487973602225 0.33757941278699205 1.0 0.0 0 
0.1123611111111111 0.37664835164835164 0.49418327522790395 0.4055186236304338 0.15908896311562448 0.4350780146652444 1.0 0.0 0 
0.383531746031746 0.6428006517292233 0.6218345872847365 0.5385266519348058 0.3441765225096436 0.5171650301301827 0.0 0.0 0 
0.39611678004535145 0.6454059829059828 0.6375507372430245 0.5351508223355937 0.3451098297109074 0.5038203266613072 0.0 0.0 0 
0.38541666666666663 0.5352564102564102 0.48356611524472115 0.6937006507640915 0.718598421893487 0.6810513803535706 1.0 0.0 0 
0.1274659863945578 0.33021978021978027 0.28864172723682613 0.7079188939955272 0.27050032764221943 0.5154039820494314 1.0 0.0 0 
0.2387755102040816 0.5860853432282004 0.6906796654057963 0.19361442809838558 0.014645928516884267 0.26516291522241153 1.0 0.0 1 
0.5680555555555555 0.8785714285714286 1.0 0.3608618732034985 0.4595183711598265 0.6153584371117045 0.0 0.0 0 
0.333531746031746 0.558874458874459 0.6172848923247811 0.6007409113159581 0.4074280375183266 0.40721136056877555 0.0 0.0 0 
0.11369047619047619 0.409146242228949 0.5028732855688233 0.6693221031590493 0.26978351438613557 0.4770436806272453 1.0 0.0 1 
0.11900510204081632 0.40262951334379904 0.5173549503613302 0.5095588119672316 0.18059209102802207 0.3751706390294727 0.0 0.0 0 
0.2755952380952381 0.5283549783549784 0.43626301939635725 0.3976647295973381 0.21171767285400295 0.3694875988857196 1.0 0.0 0 
0.0 0.0 0.0 0.028211803657467893 0.0 0.0 0.0 0.0 0 
0.0 0.0 0.0 0.002138756850031287 0.0027518457445032014 0.0 0.0 0.0 0 
0.10827020202020202 0.40026640026640026 0.44840619943235716 0.31738587308884214 0.13720224482454507 0.17657789166076862 0.0 0.0 0 
0.30266203703703703 0.5605644355644355 0.6097743466838627 0.26102030774880736 0.05217722306366611 0.1696601362298566 0.0 0.0 0 
0.0 0.0 0.0 0.16218378325709093 0.058943140641361115 0.0 0.0 0.0 0 
0.0 0.0 0.0 0.36001212404042915 0.26506418900517625 0.240581743541982 1.0 0.0 0 
0.12708333333333333 0.32196969696969696 0.2927640796695299 0.40457978136396955 0.2597985830779797 0.2627426509217714 0.0 0.0 0 
0.4936868686868686 0.6033549783549783 0.566009496034784 0.9793674391733843 0.7717759252423751 0.7367155839982225 1.0 0.0 0 
0.3321969696969697 0.40224358974358976 0.37288202202862947 0.68255673680061 0.335080024631865 0.3459460562824334 1.0 0.0 0 
0.41666666666666663 0.41666666666666663 0.41666666666666663 0.781720671917789 0.7083410786557085 0.6877342643765499 1.0 0.0 0 
0.25 0.4666666666666667 0.5 0.4507223144990016 0.14779072271795823 0.4071668945599556 0.0 0.0 0 
0.08333333333333334 0.2777777777777778 0.3647786405641249 0.4137626171088211 0.11982603373610798 0.2068411709276475 0.0 0.0 0 
0.47916666666666663 0.5984848484848485 0.6457393496352054 0.31417116991629457 0.0 0.2596525309605873 1.0 0.0 0 
0.25 0.5454545454545454 0.6284911317634676 0.19472649701368594 0.0 0.03539647808981334 0.0 0.0 0 
0.06204782333611358 0.22912285654710673 0.2989316871713152 0.5091336128440398 0.19550942033446525 0.303005598990886 0.0 0.0 0 
0.42171168191938047 0.6719785709496586 0.7412533778806553 0.8930751396055 0.4559505417492698 0.6234674650712569 0.0 0.0 0 
0.0 0.0 0.0 0.0 0.0 0.0 1.0 0.0 0 
0.0 0.0 0.0 0.0 0.0 0.0 0.0 0.0 0 
0.055113636363636365 0.24616977225672876 0.2711021232455433 0.4387391371581477 0.09022440532471299 0.0304314605841594 0.0 0.0 0 
0.0871378463173916 0.3015482869214131 0.3271862452525112 0.4225895003547183 0.22894586271803805 0.2025913757416785 1.0 0.0 0 
0.43392745830558127 0.685622155491229 0.7384261964575326 0.902617754686502 0.5211867299226676 0.6660138547767025 0.0 0.0 0 
0.39561838624338624 0.5581408175158176 0.5307704752499159 0.651174792907744 0.5731359215070702 0.7459776626685246 1.0 0.0 0 
0.08236607142857144 0.25466359620771384 0.2678816598115932 0.6619017360306533 0.2864252422409809 0.21635742436600588 1.0 0.0 0 
0.07142857142857142 0.2857142857142857 0.34657359027997264 0.6044230916234925 0.14227246487323778 0.16548769127850319 0.0 0.0 0 
0.06919642857142858 0.27197802197802196 0.3151592867448594 0.6433609760531389 0.1950207654668999 0.20577761750707216 0.0 0.0 0 
0.17125 0.3988235294117647 0.38937468005491116 0.7039652242610513 0.5496892226585193 0.36116433889488975 0.0 0.0 0 
0.0 0.0 0.0 0.42665414349872566 0.20615626552291116 0.14513479574380175 1.0 0.0 0 
0.0 0.0 0.0 0.36033310097830684 0.18265368294887116 0.22531098223630622 0.0 0.0 0 
0.06527777777777777 0.22237762237762237 0.21680839480080683 0.7087918200966316 0.3182169447138548 0.3466514247465987 0.0 0.0 0 
0.7142857142857143 0.725 0.7133531392624523 0.9166766572228736 0.6359891494676466 0.602235936589806 1.0 0.0 1 
0.0 0.0 0.0 0.5189463185778422 0.12680669549205337 0.19228780362154693 1.0 0.0 0 
0.0 0.0 0.0 0.5209957836272482 0.1701520043476282 0.19997506040173008 0.0 0.0 0 
0.0 0.0 0.0 0.7433109807227232 0.44283646961391937 0.3101788884806995 1.0 0.0 0 
0.5375 0.8012820512820513 0.8735270094694814 0.9063464755446565 0.6518223804581472 0.741553853314984 1.0 0.0 0 
0.05375 0.19230769230769232 0.17875766897935252 0.6813422098066965 0.17827277559698299 0.2479730952753283 1.0 0.0 0 
0.325 0.43999999999999995 0.28200217754744134 0.80952609426134 0.4169272832426087 0.2863376735113739 1.0 0.0 0 
0.15625 0.25 0.11395097299622162 0.3610823574162767 0.09983679822662812 0.23874729485525625 1.0 0.0 0 
0.13715277777777776 0.35545485216537853 0.31195257669752074 0.4329737675530021 0.14633168584652181 0.3212759612113288 1.0 0.0 1 
0.10416666666666666 0.3859035701140965 0.3938913032082727 0.29456394487944504 0.12159744870510007 0.22115815495699964 0.0 0.0 0 
0.4125 0.6302827607175433 0.7086360130410916 0.3554543431569883 0.19234968972433075 0.28100118103362914 0.0 0.0 0 
0.11064911774796296 0.3490449638563133 0.374747193585534 0.7340159151076293 0.266131142475282 0.22042012811465034 1.0 0.0 1 
0.17867740255648368 0.405173125640206 0.4009322681397916 0.4165520117889183 0.21886459973901823 0.2351492433153146 1.0 0.0 1 
0.28108884570420456 0.46055430872913605 0.4628854007602147 0.775857169805203 0.628700579399853 0.5580123249323741 1.0 0.0 0 
0.14944391791059966 0.4479821069356058 0.5336956827818449 0.6002697877788894 0.2528573568442682 0.41482142198677385 1.0 0.0 0 
0.12172619047619049 0.4135964912280702 0.5160898264340712 0.6405402166583751 0.1474076607073395 0.28118429042911813 0.0 0.0 0 
0.2978797722819628 0.5214325483876556 0.5563373654934238 0.5774265999578718 0.10920557051419541 0.3358415261306611 1.0 0.0 0 
0.059015070645777 0.24994955549082837 0.2827053364127977 0.6113884641586802 0.18587671467897068 0.3541609956891211 1.0 0.0 0 
0.4880952380952381 0.684640522875817 0.7091009568079841 0.8962321942858169 0.45412501738884353 0.4862438253244255 1.0 0.0 0 
0.34375 0.38235294117647056 0.3910955983799954 0.2653051180775057 0.588286655942155 0.6275322570770366 1.0 0.0 0 
0.12178571428571429 0.40305429864253395 0.5193147180559945 0.1298574239592688 0.04463408207215226 0.022763888080434426 0.0 0.0 1 
0.4236607142857143 0.6604096989966556 0.7092227190642966 0.5348318543513948 0.5496224653062592 0.4822900153233443 1.0 0.0 0 
0.08174603174603175 0.3035714285714286 0.3726036566264658 0.3422152857210343 0.05825300332114145 0.04283973772592535 1.0 0.0 0 
0.05 0.1875 0.25 0.5188421338680108 0.12322845006126987 0.2331031443436172 1.0 0.0 0 
0.17162698412698413 0.3472943722943723 0.3120874554690332 0.5774661221862079 0.2137097785698937 0.33021195626160094 1.0 0.0 0 
0.17815954907009468 0.3987338904086847 0.38464463558306383 0.7210689745566982 0.46232025896509815 0.4609654609793646 1.0 0.0 0 
0.683203329382086 0.7088445955074756 0.7084074314569977 0.8674825216254389 0.7979392664857635 0.8460253295153871 1.0 0.0 0 
0.09755291005291006 0.2827672735760971 0.2714738084747931 0.5908963048470037 0.20068987948111006 0.41103925549861203 1.0 0.0 0 
0.0 0.0 0.0 0.0 0.0 0.0 0.0 0.0 0 
0.0 0.0 0.0 0.0 0.0 0.0 1.0 0.0 0 
0.41666666666666663 0.41666666666666663 0.41666666666666663 0.5743885941109029 0.3139812410225767 0.6402857931433691 0.0 0.0 0 
0.07314814814814814 0.31022408963585435 0.31098817974993237 0.48885151918445635 0.1726016467752762 0.07615141650180365 1.0 0.0 1 
0.0 0.0 0.0 0.615145641130795 0.2634725995699385 0.28843042830005144 0.0 0.0 1 
0.0 0.0 0.0 0.23446150996744075 0.041323596023208634 0.268931309961649 1.0 0.0 0 
0.0 0.0 0.0 0.3354267713874588 0.14037656014993674 0.42648847352090524 0.0 0.0 0 
0.07194715007215007 0.31349118594806347 0.3471043603841971 0.01760571990200055 0.06980866374532452 0.0 1.0 0.0 0 
0.08194444444444444 0.3476890756302521 0.34898136231346466 0.009929724544784468 0.09567005476667301 0.0 1.0 0.0 0 
0.14583333333333331 0.19444444444444442 0.05317712073157009 0.3273828226960064 0.15578912657124094 0.2148870705081006 0.0 0.0 0 
0.0 0.0 0.0 0.315686792875304 0.19576981771045532 0.4773335607346666 1.0 0.0 0 
0.06590909090909092 0.22802197802197804 0.290193676136148 0.21239834027593052 0.12394795502185307 0.2745630869051129 0.0 0.0 0 
0.13783068783068783 0.4722222222222222 0.6052717578596903 0.20872323033544415 0.06744003978739398 0.06835698401322854 0.0 0.0 0 
0.1111111111111111 0.42857142857142855 0.4418327522790392 0.042059768799374675 0.0005449377378851509 0.24992321585307944 1.0 0.0 0 
0.10836425479282621 0.41500600240096036 0.4701261093554867 0.023581785158567126 0.0 0.1695481927569945 0.0 0.0 0 
0.0 0.0 0.0 0.5207717231253133 0.0915202626127881 0.1297731534945088 1.0 0.0 0 
0.0 0.0 0.0 0.4461491620390118 0.20403100793218318 0.1225552634168216 1.0 0.0 0 
0.3404761904761905 0.3976190476190476 0.405983578357744 0.38913431640110985 0.12923081305003836 0.16506138162929174 1.0 0.0 0 
0.10185185185185186 0.35317460317460314 0.46461367874196347 0.38588084472145523 0.16821750292945836 0.12547415033737042 0.0 0.0 0 
0.13666666666666666 0.4025641025641026 0.4821911967599909 0.23845958632025255 0.09996047149057714 0.19608895083509445 0.0 0.0 0 
0.26666666666666666 0.3 0.25753641449035614 0.4584366375035669 0.2218372823543959 0.259808195508167 1.0 0.0 1 
0.0 0.0 0.0 0.0 0.0 0.0 1.0 0.0 1 
0.0 0.0 0.0 0.0 0.0 0.0 0.0 0.0 0 
0.0 0.0 0.0 0.0 0.0 0.0 1.0 0.0 1 
0.6666666666666666 0.6666666666666666 0.6666666666666666 0.0 0.0 0.0 0.0 0.0 0 
0.3333333333333333 0.3333333333333333 0.3333333333333333 0.1916851954331309 0.041003340277691765 0.022328095146293348 0.0 0.0 0 
0.5484848484848485 0.5809523809523809 0.5735270094694813 0.19057728365250837 0.04131060160868157 0.0 0.0 0.0 0 
0.2815025252525253 0.4193681318681318 0.4520657752150562 0.19796841399020282 0.01562576299729133 0.0 0.0 0.0 0 
0.13526785714285713 0.5738075037707391 0.6960596739014577 0.06943043282692396 0.06548390756105145 0.0 0.0 0.0 1 
0.125 0.5555555555555556 0.6931471805599453 0.0 0.0 0.0 0.0 0.0 0 
0.1076388888888889 0.483718487394958 0.5603665999977909 0.04877167962239648 0.05168868962900936 0.047935790895640575 0.0 0.0 0 
0.09166666666666667 0.3079059829059829 0.3639171972850386 0.40711122983995174 0.1467534693296193 0.14630761690800803 0.0 0.0 0 
0.3333333333333333 0.3333333333333333 0.3333333333333333 0.43367349984372294 0.13641913602708491 0.19909187437888587 0.0 0.0 0 
0.0 0.0 0.0 0.45026800476260154 0.1253668538631668 0.17987331987407038 0.0 0.0 0 
0.5583333333333333 0.6944444444444444 0.7270179281629638 0.9153817753671923 0.46633533220020545 0.42273240648280036 0.0 0.0 0 
0.08796296296296297 0.3492063492063492 0.4266795672078414 0.5133579779260122 0.14199117285928053 0.24863741013475477 0.0 0.0 0 
0.4444444444444444 0.5277777777777777 0.5578829767312006 0.7873943066655831 0.7520294156930116 0.7447899900556083 0.0 0.0 0 
0.3243055555555555 0.5345760233918129 0.6142121670126459 0.6361857080977416 0.7213280612873406 0.6991259590290497 0.0 0.0 0 
0.4423611111111111 0.7873146694575266 0.8511500559641472 0.7829741942277698 0.4451143889993128 0.592813547168297 0.0 0.0 0 
0.4078231292517006 0.7236612593755452 0.8014448698059 0.9143883816313578 0.5655882009847809 0.6790645819692974 1.0 0.0 0 
0.0 0.0 0.0 0.0 0.0 0.0 1.0 0.0 0 
0.0 0.0 0.0 0.0 0.0 0.0 0.0 0.0 0 
0.07060185185185186 0.24986772486772488 0.27066522153714556 0.2762858681737156 0.05913892929752969 0.1765844061911705 1.0 0.0 0 
0.30439814814814814 0.45435729847494555 0.4680211533831402 0.3997846091264654 0.26630729842597733 0.41871267879054724 0.0 0.0 0 
0.14801587301587302 0.5152958152958153 0.6191909574376752 0.5492275096543197 0.17885222076597057 0.17930857844231582 1.0 0.0 0 
0.09027777777777778 0.3051948051948052 0.276702263968072 0.12363487819127372 0.04590729113645849 0.15946844409307334 0.0 0.0 0 
0.05635924241887867 0.21674095463880794 0.2221278513960515 0.20577514674733766 0.0901066604437883 0.2797759154339068 0.0 0.0 0 
0.12334558365530339 0.44765619160511827 0.48289069405265134 0.17583918414024358 0.0 0.16660278226441402 1.0 0.0 0 
0.12269202552398736 0.37198685685357213 0.3727801518581152 0.4012676212418096 0.08869423082899544 0.0492858552471271 1.0 0.0 0 
0.10417546138798374 0.38892172251513935 0.40808763035720913 0.505816258264594 0.17126049474208418 0.13436198358739354 0.0 0.0 0 
0.11096938775510204 0.42189239332096473 0.48829725898536624 0.6782667922289792 0.3090796953394876 0.2239332052124748 0.0 0.0 0 
0.22559523809523807 0.43579484425349085 0.512230734628681 0.8014755053464637 0.49522297789584024 0.5786385574009218 1.0 0.0 0 
0.4530092592592593 0.5164141414141414 0.5037806478457747 0.8402100535663763 0.535237983488666 0.6012997683916239 1.0 0.0 0 
0.16666666666666666 0.41761363636363635 0.495517375820895 0.17611710004227443 0.09371186150362562 0.18745345649316691 0.0 0.0 0 
0.09415584415584416 0.3571428571428571 0.40686410448419463 0.33311850040379354 0.06405614752302838 0.36892329848594785 0.0 0.0 0 
0.0625 0.18181818181818182 0.11157177565710485 0.11503735586492492 0.04641078356530578 0.05925382717269962 1.0 0.0 0 
0.10247252747252747 0.25535714285714284 0.23009922547870762 0.5322678923667077 0.17735045386940484 0.10529618483343656 1.0 0.0 0 
0.07152777777777779 0.29109311740890687 0.3174484632865119 0.6374906147000632 0.3195086334541509 0.4386784218152564 1.0 0.0 0 
0.14583333333333331 0.483732057416268 0.5917739272088617 0.5259991316838087 0.2488127608329376 0.49823309340914523 1.0 0.0 1 
0.0 0.0 0.0 0.0 0.0 0.0 0.0 0.0 0 
0.0 0.0 0.0 0.0 0.0 0.0 0.0 0.0 0 
0.13658414651254003 0.48479249013863274 0.5848376514205477 0.27370543922434964 0.0956248987279078 0.38275956298714 0.0 0.0 0 
0.23641110885797745 0.38476182143160254 0.43836890714095567 0.8156180225585641 0.38796075576925865 0.6566381889919604 0.0 0.0 0 
0.09617301985586413 0.3296568641300194 0.3849553623031714 0.6060648960167595 0.24910894405765638 0.26950248412915506 1.0 0.0 0 
0.173735291395875 0.5083980226792839 0.6238546872905993 0.42036306185267236 0.16389101012836724 0.12339586142622196 0.0 0.0 0 
0.0 0.0 0.0 0.0 0.0 0.0 1.0 0.0 0 
0.0 0.0 0.0 0.0 0.0 0.0 0.0 0.0 0 
0.0 0.0 0.0 0.03367073426874867 0.10208142836303197 0.41401868699507566 0.0 0.0 0 
0.0 0.0 0.0 0.1420510228107401 0.040991759359063934 0.0 0.0 0.0 0 
0.11830357142857142 0.37126259157509156 0.3771647854995052 0.6646240236904669 0.36519405239746805 0.3766253145535425 1.0 0.0 0 
0.327912201793903 0.4983908731461705 0.4967784907035009 0.8300349731329199 0.6141068191342532 0.5680295714733545 1.0 0.0 0 
0.09786717456345362 0.32662759306152844 0.3218428252303607 0.31549698473086796 0.11529707896584253 0.2568401379869984 0.0 0.0 0 
0.05242424242424243 0.1978744939271255 0.18230724143468452 0.28269211634345703 0.05147866069230339 0.32783134640559647 1.0 0.0 0 
0.30491071428571426 0.5359863820390136 0.5861638797617548 0.6932572710894055 0.4772541327873949 0.5637941449210536 1.0 0.0 0 
0.5916666666666667 0.7371794871794872 0.718867184338475 0.8061062196228675 0.6883885012073847 0.6715374016743997 0.0 0.0 0 
0.0 0.0 0.0 0.0 0.0 0.0 1.0 0.0 0 
0.0 0.0 0.0 0.0 0.0 0.0 0.0 0.0 0 
0.3125 0.5 0.4332169878499658 0.3514949544443755 0.11040011427088266 0.30588101383272537 1.0 0.0 0 
0.09056122448979592 0.15873015873015872 0.07630365292829865 0.40541745784371575 0.06952320474386046 0.27309777776840044 0.0 0.0 0 
0.0 0.0 0.0 0.3760059322003294 0.19017989961653298 0.003504553232923356 0.0 0.0 0 
0.0 0.0 0.0 0.5250980214028759 0.2623457801346109 0.21631308344541958 0.0 0.0 0 
0.6666666666666666 0.6666666666666666 0.6666666666666666 0.9408002765592486 0.7911591584276395 0.776487976921546 1.0 0.0 0 
0.625 0.625 0.625 0.9208341359463783 0.797044787017286 0.6279124606548223 1.0 0.0 0 
0.38645833333333335 0.6504524886877827 0.68773436867695 0.8849790003989748 0.5773667698411427 0.4750011301814709 0.0 0.0 0 
0.13522727272727272 0.3810174673811038 0.39088188350666575 0.5446440122129587 0.1490227612364768 0.18833713098439175 1.0 0.0 0 
0.19760101010101006 0.5642438369711097 0.624994296314215 0.1662568327347893 0.06883129163873433 0.018179294328335947 1.0 0.0 0 
0.0 0.0 0.0 0.2643211574200335 0.0 0.058926938854542324 0.0 0.0 0 
0.08163265306122448 0.14285714285714285 0.07630365292829865 0.44613404756834263 0.20765989838697374 0.338596668370328 0.0 0.0 0 
0.1585557299843014 0.4599885408708938 0.4920334254717055 0.366415998224202 0.14635167529410978 0.31886933402230044 1.0 0.0 0 
0.19270833333333331 0.6330143540669857 0.7173143693386553 0.31376028624482544 0.13219583102044755 0.2704538180716247 1.0 0.0 0 
0.33333333333333337 0.5292710385589643 0.5866433975699932 0.40389602172151484 0.258708585965846 0.4206642437396626 1.0 0.0 0 
0.05422794117647059 0.18696581196581197 0.15919421727055524 0.08040032137619146 0.08398281633816453 0.30170403036543936 1.0 0.0 0 
0.06444597069597069 0.24084249084249082 0.2710134835418056 0.17886648970468544 0.07068144617958355 0.08169619973467879 0.0 0.0 0 
0.2780357142857143 0.5072979797979797 0.5786917220500528 0.2973510977710674 0.14712224114830594 0.4823905608889858 0.0 0.0 0 
0.11833333333333333 0.45488590357011405 0.5875468737353899 0.436563523025457 0.22467751361271773 0.18487862749870038 0.0 0.0 1 
0.18555555555555556 0.6035714285714285 0.761310447288641 0.452723832871077 0.2038137343552537 0.37087011929262015 0.0 0.0 0 
0.13194444444444445 0.4015151515151515 0.43265236145920094 0.4974154151525054 0.2470427633261701 0.2923808594933439 0.0 0.0 0 
0.0 0.0 0.0 0.4324358521896212 0.12927880940180375 0.13358548557285488 0.0 0.0 1 
0.0 0.0 0.0 0.44900270703877787 0.07182213513810552 0.08661526139934553 0.0 0.0 0 
0.765625 0.8076923076923077 0.8006831385135206 0.3071338157373982 0.19934012471805487 0.4551703967472291 0.0 0.0 0 
0.765625 0.8076923076923077 0.8038478645115568 0.25473700103212504 0.1833413477712823 0.3670743590477599 1.0 0.0 0 
0.1388888888888889 0.36250000000000004 0.42884786451155676 0.7371634323122673 0.3929676358790318 0.3362705887379934 0.0 0.0 0 
0.08333333333333334 0.2976190476190476 0.41666666666666663 0.27063802112751034 0.030058451780811513 0.0 1.0 0.0 0 
0.0 0.0 0.0 0.17491735509661877 0.044258355252191614 0.021711160161398943 0.0 0.0 1 
0.0 0.0 0.0 0.3354917330339342 0.013464952069736982 0.41854729749891256 0.0 0.0 0 
0.0 0.0 0.0 0.0 0.0 0.0 0.0 0.0 0 
0.0 0.0 0.0 0.0 0.0 0.0 0.0 0.0 0 
0.09821428571428571 0.2761904761904762 0.2609262139161266 0.5095782861747093 0.16084220575285513 0.18825814338690075 1.0 0.0 0 
0.1701388888888889 0.275 0.06585032228614143 0.45111955936262405 0.13025122760158453 0.0 1.0 0.0 0 
0.24848148239938755 0.5943858184452766 0.6355875378246507 0.46031211463402566 0.21325818183352774 0.0 1.0 0.0 0 
0.19199787212950242 0.42454015772107423 0.36804284299438905 0.35334826877868963 0.16250668444380506 0.42217619856124433 1.0 0.0 0 
0.11071428571428571 0.41558441558441556 0.46412071969934476 0.17957350288874308 0.0 0.06498600717500908 1.0 0.0 0 
0.125 0.46153846153846156 0.5198603854199589 0.210680194479964 0.05948891039113335 0.2495451292662403 0.0 0.0 0 
0.43181818181818177 0.4642857142857143 0.45686034280281473 0.06543202988290531 0.06022359335317022 0.537334655081964 0.0 0.0 0 
0.7852280905796936 0.8157319269901139 0.8176953123672073 0.4890596374213543 0.6758148347464997 0.7763475317041151 0.0 0.0 0 
0.14664343105139385 0.5292669786728534 0.6581032302681389 0.3189205157048778 0.006002822039956722 0.07283271606090551 0.0 0.0 0 
0.1589781746031746 0.5675137362637362 0.6875818758445175 0.33171341368295826 0.038096649682171406 0.13623616177564007 0.0 0.0 0 
0.528125 0.6222222222222222 0.6315115341291522 0.7447556173767887 0.6691263104401041 0.6959817671252888 0.0 0.0 0 
0.0625 0.25666666666666665 0.30414001187101924 0.6830310284732191 0.2719404020682834 0.12878519141117234 0.0 0.0 0 
0.095 0.3494871794871795 0.44650808960435867 0.6445332525927174 0.20051953111294307 0.07229855454535894 1.0 0.0 1 
0.0953968253968254 0.3155555555555556 0.3658158813252441 0.41742874470289604 0.06852590661212601 0.09073452582790952 0.0 0.0 0 
0.175 0.3 0.35 0.320190987531189 0.07970294226895318 0.0 1.0 0.0 0 
0.05357142857142857 0.09375 0.050074272234195985 0.29935084065017015 0.11264360053857513 0.0 1.0 0.0 0 
0.5375 0.7172727272727272 0.7347706651416661 0.34073238732535205 0.2639631532632847 0.24709100439137607 1.0 0.0 0 
0.0 0.0 0.0 0.0 0.0 0.0 0.0 0.0 0 
0.0 0.0 0.0 0.0 0.0 0.0 0.0 0.0 1 
0.75 0.75 0.75 0.9524387645189819 0.8597659228399422 0.8765270849405851 1.0 0.0 0 
0.0 0.0 0.0 0.0 0.0 0.0 1.0 0.0 0 
0.0 0.0 0.0 0.0 0.0 0.0 0.0 0.0 0 
0.0 0.0 0.0 0.0 0.0 0.0 0.0 0.0 0 
0.0 0.0 0.0 0.0 0.0 0.0 0.0 0.0 0 
0.15714285714285714 0.6444444444444445 0.8240769348068087 0.0820462235413224 0.0 0.16330133255428314 0.0 0.0 0 
0.0 0.0 0.0 0.0 0.0 0.0 0.0 0.0 0 
0.0 0.0 0.0 0.0 0.0 0.0 0.0 0.0 0 
0.0 0.0 0.0 0.6000878367878191 0.2170839428540672 0.12001024070705106 0.0 0.0 0 
0.0 0.0 0.0 0.19383642522736722 0.17903754469321073 0.30558018486895855 1.0 0.0 0 
0.1 0.3076923076923077 0.25366234618079686 0.1854566092853993 0.03465602585733698 0.16238433329767302 0.0 0.0 0 
0.4815705128205128 0.6506410256410258 0.629308933550828 0.23479320349368404 0.05049322540254139 0.22157513583651478 0.0 0.0 0 
0.0 0.0 0.0 0.20706402649041955 0.02789084874772124 0.0 0.0 0.0 0 
0.0 0.0 0.0 0.16772808974763986 0.03009881917269875 0.0 0.0 0.0 0 
0.09375 0.34615384615384615 0.30409883108112334 0.12577318096928392 0.045369949848862265 0.0 0.0 0.0 0 
0.525 0.5769230769230769 0.564457277325525 0.22763903847574118 0.07469997831112415 0.33902955813829605 0.0 0.0 0 
0.0 0.0 0.0 0.0 0.0 0.0 0.0 0.0 0 
0.0 0.0 0.0 0.0 0.0 0.0 0.0 0.0 0 
0.0 0.0 0.0 0.12231583327526374 0.04416942391064282 0.0 1.0 0.0 0 
0.0 0.0 0.0 0.0 0.0 0.0 0.0 0.0 0 
0.0 0.0 0.0 0.0 0.0 0.0 0.0 0.0 0 
0.09281305114638447 0.3545454545454545 0.37217953173645935 0.5456319488362947 0.19950750912535772 0.021483127249292938 0.0 0.0 0 
0.4171957671957672 0.6794973544973544 0.6942907009297781 0.24966971543254468 0.5162760535402193 0.27385350253489515 0.0 0.0 0 
0.22685185185185186 0.5108932461873638 0.44246761443056626 0.14468615253391315 0.05110689445994265 0.06457646631278084 1.0 0.0 0 
0.25324074074074077 0.5347222222222221 0.5765115326325244 0.6502677290359719 0.2427232491841851 0.3819583499232623 1.0 0.0 0 
0.0 0.0 0.0 0.39732525300522004 0.15181006701274907 0.1264326831133871 1.0 0.0 1 
0.0 0.0 0.0 0.13670304904059827 0.09063908728476443 0.0 0.0 0.0 0 
0.15 0.24000000000000002 0.10939293407637275 0.2999362880917502 0.1008147435591669 0.0017938044231562385 1.0 0.0 0 
0.3424242424242424 0.48241758241758237 0.481652620172045 0.8320100158747119 0.5825702252058712 0.542407336642569 1.0 0.0 1 
0.11666666666666665 0.29303030303030303 0.25733902950978893 0.6362836476136668 0.28626979492110693 0.22797428917226953 1.0 0.0 0 
0.31587301587301586 0.5747899159663866 0.632878212015507 0.6684352706869893 0.3877732914462017 0.35600442514317876 1.0 0.0 0 
0.11428571428571428 0.3627372627372628 0.44343092373768334 0.6340381949934459 0.18462064657539207 0.25264948245378566 1.0 0.0 0 
0.75 0.75 0.75 0.9878943075368519 0.7434928355930189 0.7292997193061083 0.0 0.0 0 
0.19270833333333331 0.5681818181818181 0.6727789380153857 0.5327981666612966 0.14662141826983824 0.22040348199631676 0.0 0.0 0 
0.14157543615097717 0.43109335546232086 0.5545136257261435 0.5564142216648331 0.1581496826207254 0.3646091428928347 0.0 0.0 0 
0.6302339414192648 0.6976794469349834 0.7096705983969516 0.9291339836297711 0.5585182699340759 0.5369983838215523 0.0 0.0 1 
0.08811815775657847 0.32341672650908826 0.349706183282247 0.43991594625659025 0.11980250858993596 0.0798690868967585 0.0 0.0 0 
0.7019079425455002 0.7564838478556329 0.7531501674929756 0.0 0.07350313568150435 0.19931772671404924 0.0 0.0 0 
0.6502403846153846 0.7361111111111112 0.7523211976243216 0.04617955087454417 0.04577235635215952 0.35709232922041645 0.0 0.0 0 
0.3891414141414141 0.6234983766233766 0.6769510160445013 0.7061249138740162 0.822467525172229 0.5955944622829179 0.0 0.0 0 
0.0 0.0 0.0 0.0 0.0 0.0 0.0 0.0 0 
0.0 0.0 0.0 0.0 0.0 0.0 0.0 0.0 0 
0.0 0.0 0.0 0.0 0.0 0.0 0.0 0.0 0 
0.0 0.0 0.0 0.2324233415823167 0.0817052301616232 0.0 0.0 0.0 0 
0.0 0.0 0.0 0.41501159908860186 0.24785815237872105 0.18686671389273732 1.0 0.0 0 
0.4854166666666667 0.7130467571644042 0.7456716680361253 0.29430033631651364 0.13663481927142923 0.5505505685484874 0.0 0.0 0 
0.0 0.0 0.0 0.0 0.0 0.0 0.0 0.0 0 
0.0 0.0 0.0 0.0 0.0 0.0 0.0 0.0 0 
0.0 0.0 0.0 0.0 0.0 0.0 1.0 0.0 0 
0.0 0.0 0.0 0.0 0.0 0.0 0.0 0.0 0 
0.0 0.0 0.0 0.4179428642240507 0.11110956574736541 0.1710865806976599 0.0 0.0 0 
0.0 0.0 0.0 0.40572774623676766 0.2005736113776623 0.40117113588798803 0.0 0.0 0 
0.0 0.0 0.0 0.40572774623676766 0.2005736113776623 0.40117113588798803 0.0 0.0 0 
0.0 0.0 0.0 0.0 0.0 0.0 0.0 0.0 0 
0.0 0.0 0.0 0.0 0.0 0.0 0.0 0.0 0 
