0.0 0.0 0.0 0.0 0.0 0.0 0.0 0.0 1 
0.0 0.0 0.0 0.27564688530934234 0.22516242238094103 0.34880197218972864 1.0 0.0 0 
0.0 0.0 0.0 0.0 0.0 0.0 0.0 0.0 0 
0.0 0.0 0.0 0.0 0.0 0.0 0.0 0.0 0 
0.0 0.0 0.0 0.0 0.0 0.0 0.0 0.0 0 
0.0 0.0 0.0 0.3375467161924247 0.1505355188298782 0.0 1.0 0.0 0 
0.0 0.0 0.0 0.0 0.0 0.0 1.0 0.0 0 
0.0 0.0 0.0 0.0 0.0 0.0 0.0 0.0 0 
0.0 0.0 0.0 0.4938154045959182 0.0567463254320509 0.0 0.0 0.0 0 
0.3 0.5277777777777777 0.5455803891984887 0.06123383506226543 0.05272534630408675 0.0 0.0 0.0 0 
0.0 0.0 0.0 0.004154615905487713 0.0 0.0 0.0 0.0 0 
0.1111111111111111 0.42857142857142855 0.4418327522790392 0.11406041776820652 0.17018425011454424 0.5197119045481756 0.0 0.0 0 
0.08571428571428572 0.3458922030350602 0.40666379596111013 0.19222653433498693 0.03286888847706195 0.0 0.0 0.0 0 
0.1740079365079365 0.5005494505494505 0.5437339327813229 0.2174431023118487 0.010012570014478982 0.08528439677986434 1.0 0.0 0 
0.1 0.35714285714285715 0.5 0.04008765124766556 0.0 0.0 0.0 0.0 0 
0.06607142857142857 0.22596153846153846 0.22807860837203814 0.26694210300478716 0.16909416845143263 0.3422946573238637 0.0 0.0 0 
0.0 0.0 0.0 0.2930332749818736 0.09550395022619748 0.0698209135409083 1.0 0.0 0 
0.0 0.0 0.0 0.44645210017119896 0.11338034692121017 0.09132840576644952 0.0 0.0 0 
0.0625 0.23809523809523808 0.23937015766006614 0.23923581489926926 0.17095037810306873 0.0 1.0 0.0 0 
0.07500000000000001 0.375 0.45982835466480665 0.07650873709753858 0.0 0.05808181688720653 0.0 0.0 0 
0.0 0.0 0.0 0.24866991934706917 0.056913712670011045 0.11760044049625924 1.0 0.0 0 
0.08125 0.13166666666666668 0.041022350278639784 0.5809352010237514 0.1343294725413644 0.08707965136063674 1.0 0.0 0 
0.0 0.0 0.0 0.0 0.0 0.0 1.0 0.0 1 
0.0 0.0 0.0 0.0 0.0 0.0 1.0 0.0 0 
0.0 0.0 0.0 0.19892503786536708 0.03595882265120709 0.2117461270493687 1.0 0.0 0 
0.0 0.0 0.0 0.21096080241622306 0.04965735783635223 0.0 0.0 0.0 0 
0.0 0.0 0.0 0.07131565480041213 0.06277509942374186 0.0 0.0 0.0 0 
0.0 0.0 0.0 0.16391694065214435 0.0 0.19025412349270052 0.0 0.0 0 
0.0 0.0 0.0 0.16105170276708924 0.0 0.19864223228444647 1.0 0.0 0 
0.0 0.0 0.0 0.16631188578880118 0.0 0.16756548336423385 0.0 0.0 0 
0.0 0.0 0.0 0.5670783242371299 0.13906880114931514 0.12171269663125177 0.0 0.0 0 
0.0 0.0 0.0 0.5379023776201536 0.18364505316542312 0.27217220936455866 0.0 0.0 0 
0.0 0.0 0.0 0.025460084486546686 0.0827645308016934 0.37889640128359514 1.0 0.0 0 
0.375 0.375 0.375 0.051668323975568864 0.03651262552563088 0.09838389219062514 0.0 0.0 0 
0.28125 0.34090909090909094 0.3057858878285524 0.29262912476135705 0.12234995292081785 0.24559980896893766 0.0 0.0 0 
0.65625 0.7159090909090908 0.7199528569323637 0.5284323058999062 0.6519760790182063 0.7275866590548985 0.0 0.0 0 
0.2916666666666667 0.38888888888888884 0.07789331236430487 0.20977796061747522 0.11306725069936235 0.26102977068670086 1.0 0.0 1 
0.0 0.0 0.0 0.1951930911474855 0.0 0.12265607524791447 0.0 0.0 0 
0.0 0.0 0.0 0.20197593095301603 0.03219550289401067 0.06494257431891014 1.0 0.0 0 
0.0 0.0 0.0 0.28933924426604574 0.09784617528203629 0.14803978543201032 0.0 0.0 0 
0.0 0.0 0.0 0.09632352573667613 0.06288210134002283 0.19097568851119076 1.0 0.0 0 
0.08275461038607805 0.31766374800390246 0.3324390928774007 0.07975231257487003 0.010256241015409272 0.11925509709297111 1.0 0.0 0 
0.0 0.0 0.0 0.0 0.0 0.0 1.0 0.0 0 
0.0 0.0 0.0 0.0 0.0 0.0 0.0 0.0 0 
0.14444444444444443 0.4725829725829726 0.6481538696136172 0.27011062217115434 0.05060081711478426 0.11880557252616722 0.0 0.0 0 
0.09682539682539681 0.3921459096459097 0.4824812840837923 0.5744217419079038 0.0694387358653959 0.025676306593637732 0.0 0.0 0 
0.0 0.0 0.0 0.20035469355708213 0.0 0.019971348077646608 0.0 0.0 0 
0.0 0.0 0.0 0.16738779924873803 0.1094527393699153 0.0 1.0 0.0 0 
0.06023063071177562 0.2762888738533943 0.2759672115130315 0.4506289517499902 0.07066605437664387 0.08038762968585533 1.0 0.0 0 
0.0 0.0 0.0 0.007590036820683155 0.023622140971048512 0.04581331629720167 0.0 0.0 0 
0.0 0.0 0.0 0.09608837313704521 0.0 0.27584453167075873 0.0 0.0 0 
0.11607142857142858 0.4772727272727273 0.5990660608649421 0.1580451013798183 0.02825349993659377 0.20108440536552052 1.0 0.0 0 
0.0 0.0 0.0 0.0825129874057714 0.031474063317216194 0.25295234436504727 0.0 0.0 0 
0.0 0.0 0.0 0.5793062525784661 0.17170754816140543 0.0 1.0 0.0 0 
0.5 0.6892857142857143 0.75 0.681446840803847 0.3645599319912733 0.49044547796173504 0.0 0.0 0 
0.37916666666666665 0.5814393939393939 0.595498163435306 0.780603850692963 0.4529583961192603 0.4777683158903525 1.0 0.0 0 
0.3333333333333333 0.3333333333333333 0.3333333333333333 0.659115398489834 0.3622538208129581 0.2905046257629038 0.0 0.0 0 
0.10338064311008255 0.2503653104167995 0.2636003214745676 0.6931417608255561 0.4602001152141181 0.2995267735925591 1.0 0.0 0 
0.11639717287583784 0.19399528812639638 0.10610856882568909 0.19407348817603687 0.10105126992154626 0.236276990326548 1.0 0.0 0 
0.0 0.0 0.0 0.2617181250933205 0.0 0.22139986651934396 1.0 0.0 0 
0.0 0.0 0.0 0.0 0.0 0.0 1.0 0.0 0 
0.06818181818181818 0.40909090909090906 0.5198603854199589 0.0 0.0 0.0 0.0 0.0 0 
0.0 0.0 0.0 0.0 0.0 0.0 0.0 0.0 0 
0.0 0.0 0.0 0.019149224124489495 0.0 0.0 0.0 0.0 0 
0.0 0.0 0.0 0.0 0.0 0.0 0.0 0.0 0 
0.0 0.0 0.0 0.0 0.0 0.0 0.0 0.0 0 
0.10449735449735449 0.389206712433257 0.4436601579398225 0.002238819914493595 0.012828004244248797 0.0 1.0 0.0 0 
0.525 0.5952380952380952 0.5957480630640264 0.664667475016276 0.8977255505879156 0.7716360164792393 0.0 0.0 0 
0.0 0.0 0.0 0.6315641081766548 0.2498095667432442 0.15806244301851602 1.0 0.0 0 
0.0 0.0 0.0 0.2509101362582814 0.1285019092994237 0.0 0.0 0.0 0 
0.03125 0.09615384615384616 0.06172257549516517 0.4494326608711061 0.243103479051067 0.23199710387088845 0.0 0.0 0 
0.09375 0.1607142857142857 0.07511140835129398 0.3714537341763451 0.09934200578169095 0.3979656180408691 1.0 0.0 0 
0.0 0.0 0.0 0.2667059021235857 0.036120179524665445 0.0 1.0 0.0 0 
0.04591836734693877 0.1607142857142857 0.1732488752355065 0.40462261951402845 0.1403590036906105 0.19721725413057367 0.0 0.0 0 
0.25916108517599157 0.309322295997244 0.2508279223815456 0.5758477213796929 0.21887589246304506 0.35161990009096783 0.0 0.0 0 
0.0 0.0 0.0 0.3931951885995778 0.09743641680611323 0.16690246357434016 1.0 0.0 0 
0.0 0.0 0.0 0.4864148453197432 0.14039791754379066 0.2580533759271738 0.0 0.0 0 
0.0 0.0 0.0 0.756439700665781 0.22644014347182378 0.3097295512432623 1.0 0.0 0 
0.0 0.0 0.0 0.4958003163272727 0.12218264090496038 0.09106381687579455 0.0 0.0 0 
0.1369047619047619 0.1875 0.18441441119202986 0.35317287240786244 0.1564969961416828 0.20623437039153752 1.0 0.0 0 
0.0 0.0 0.0 0.26474470370439995 0.0035264517960902587 0.1961322745128416 0.0 0.0 0 
0.0 0.0 0.0 0.044960719217013834 0.0 0.10321893244833301 0.0 0.0 0 
0.0 0.0 0.0 0.0 0.09347634132747368 0.0564618155473144 0.0 0.0 0 
0.0 0.0 0.0 0.20438078555581396 0.07045499198239258 0.15411480058398805 0.0 0.0 0 
0.07291666666666666 0.19444444444444442 0.20216792766331737 0.2707564901818905 0.09019029339878826 0.19710397012702846 0.0 0.0 0 
0.22539682539682543 0.48444444444444446 0.5415070340027743 0.33127742991375575 0.17962861956996146 0.38597650796227767 1.0 0.0 1 
0.11821428571428572 0.37948717948717947 0.42295868620145316 0.6508046882306273 0.1695290243343349 0.36152929806665723 1.0 0.0 0 
0.05952380952380952 0.20833333333333331 0.22458187530528623 0.3516983395513309 0.10686203814210544 0.0 0.0 0.0 0 
0.07142857142857142 0.25 0.26949825036634345 0.3836099794172726 0.07765916179735113 0.11786026878712359 1.0 0.0 0 
0.0 0.0 0.0 0.3168990311720421 0.12813835611157756 0.0 0.0 0.0 0 
0.13333333333333333 0.3333333333333333 0.35933100048845795 0.5225902299112127 0.2761768496709924 0.15546114717030124 0.0 0.0 0 
0.16666666666666666 0.2857142857142857 0.13353139262452263 0.6853428130059855 0.5239811644259647 0.6280516782007414 0.0 0.0 0 
0.325 0.52 0.42458944603493015 0.4444575734199743 0.10866157045903965 0.35886154319577623 1.0 0.0 1 
0.40909090909090906 0.5343137254901961 0.5420344710322963 0.6420363360946311 0.5339336241939863 0.33681417015745285 0.0 0.0 1 
0.26666666666666666 0.26666666666666666 0.26666666666666666 0.8247843796655931 0.542252556074704 0.31615472788032956 0.0 0.0 0 
0.39269230769230773 0.5584224598930481 0.5910510945423844 0.20361913987598879 0.08749875364419586 0.5139452850023121 0.0 0.0 0 
0.07708333333333334 0.23776223776223776 0.20584982436367377 0.10064841415077352 0.0 0.1524898801018029 1.0 0.0 0 
0.19106125356125359 0.3943977591036414 0.3516036482189439 0.5107961970487558 0.10599437318631502 0.2845032757546156 1.0 0.0 0 
0.13217592592592595 0.3415760165760166 0.3169251460310075 0.5945060845237338 0.11933936725241484 0.1636313841682337 1.0 0.0 0 
0.3576388888888889 0.3756613756613757 0.3444609493853769 0.8291042805918444 0.5515505322145883 0.5201935913944079 1.0 0.0 0 
0.5 0.5 0.5 0.7895322981654976 0.7878166393082785 0.7990884856481144 0.0 0.0 0 
0.0 0.0 0.0 0.0 0.0060782015589431184 0.0803737247178726 1.0 0.0 0 
0.06666666666666667 0.20512820512820515 0.16077470454459206 0.0 0.0 0.005362458120278003 0.0 0.0 0 
0.07291666666666666 0.21875 0.29166666666666663 0.5134716661992073 0.12749120290990107 0.4282339598059631 0.0 0.0 0 
0.0 0.0 0.0 0.2863869658061874 0.008530917476137522 0.09087114569474873 0.0 0.0 0 
0.5555555555555556 0.5555555555555556 0.5555555555555556 0.5600359458881655 0.25011214322158104 0.364392722886331 0.0 0.0 0 
0.38626240491227426 0.5690648865682708 0.6102296993507352 0.8926777420444514 0.31578548233988274 0.6164384508364865 0.0 0.0 0 
0.1411133790967113 0.4226424669518484 0.48190432640959785 0.6873232059670723 0.21261504209724352 0.2991031182088975 0.0 0.0 0 
0.21379265248735532 0.4545103784255186 0.46277160729385447 0.7506287327112817 0.4485005722884375 0.3158233602839928 1.0 0.0 0 
0.06919642857142858 0.2451923076923077 0.2528068262882781 0.4223885310030375 0.10782764826950522 0.24711118690713063 0.0 0.0 0 
0.0 0.0 0.0 0.3044292182253747 0.009001643886629725 0.1835008304030411 0.0 0.0 0 
0.35 0.35 0.24260151319598083 0.5955153463470894 0.22566380351945894 0.3475886635310936 1.0 0.0 0 
0.10999999999999999 0.4025641025641026 0.44843054837942997 0.014234153465242594 0.00908820331282932 0.1801737291349261 0.0 0.0 0 
0.10714285714285714 0.46875 0.6200089298883509 0.0 0.047181192346079155 0.20641519581763937 0.0 0.0 0 
0.0 0.0 0.0 0.04322335851284187 0.032144791960029166 0.11936472016123277 0.0 0.0 1 
0.0 0.0 0.0 0.3934164067987329 0.02363951502207867 0.3414255368343667 0.0 0.0 0 
0.5437500000000001 0.6561085972850679 0.7002909381918743 0.6491179487267352 0.6473440062184216 0.5472176702681888 0.0 0.0 0 
0.19195179811346647 0.2872038674348222 0.3120375225183374 0.4273504844326691 0.1328304291129325 0.3695213202798459 0.0 0.0 0 
0.12710806059651283 0.31176346325802173 0.32112113567001443 0.3568390314318668 0.20876551970408302 0.2704607046845835 1.0 0.0 0 
0.1575 0.4009615384615385 0.4448737234037617 0.5358519328607911 0.12268017273993108 0.0969943126867736 1.0 0.0 0 
0.0 0.0 0.0 0.0 0.0 0.0 1.0 0.0 0 
0.0 0.0 0.0 0.0 0.0 0.0 0.0 0.0 0 
0.07038690476190476 0.24571886446886448 0.31173737014548875 0.5830539022111603 0.07635450581502323 0.14044196371501788 0.0 0.0 0 
0.0 0.0 0.0 0.45283608940877196 0.09495301669863021 0.2017617966286611 1.0 0.0 0 
0.0 0.0 0.0 0.525106181133937 0.2327028650780136 0.2309001336729304 0.0 0.0 0 
0.0 0.0 0.0 0.0 0.0 0.0 1.0 0.0 0 
0.0 0.0 0.0 0.0 0.0 0.0 0.0 0.0 0 
0.3680555555555556 0.6051587301587301 0.6351112602367872 0.6910544830516415 0.5444979506059087 0.5549581614084215 1.0 0.0 0 
0.18960241994008592 0.4979905559319748 0.5710436224830985 0.36638291889657926 0.011693691858960378 0.09990999210911818 1.0 0.0 0 
0.10750649746135421 0.3385739522077831 0.4007232905243887 0.6476919884419985 0.2756774306676526 0.40790126176860697 0.0 0.0 0 
0.21944444444444444 0.5539050891011675 0.651142343243185 0.7507695685510261 0.38566390248215404 0.5171489077259597 1.0 0.0 1 
0.16111111111111112 0.36282051282051286 0.3980829253011726 0.801868503063515 0.4473195916463472 0.4375041700945759 1.0 0.0 0 
0.06583333333333334 0.23763736263736265 0.31164339756999315 0.5039828008452865 0.1471083868183891 0.35498493772474915 1.0 0.0 0 
0.09062500000000001 0.3133116883116883 0.4028929439142762 0.4286063915290804 0.09288075186839359 0.32923175820547695 0.0 0.0 0 
0.38541666666666663 0.4487179487179488 0.4504554256756804 0.4872283318398669 0.18128163474532874 0.24188817504881333 1.0 0.0 0 
0.07142857142857142 0.2646329365079365 0.34348640697678307 0.249376531662019 0.034938110148587546 0.35015517769734245 1.0 0.0 0 
0.08392857142857144 0.26666666666666666 0.33636809164990883 0.3594882338556975 0.08426680571216216 0.44316841844739846 0.0 0.0 0 
0.0 0.0 0.0 0.0 0.0 0.0 0.0 0.0 0 
0.0 0.0 0.0 0.0 0.0 0.0 0.0 0.0 0 
0.0 0.0 0.0 0.0 0.0 0.0 1.0 0.0 0 
0.0 0.0 0.0 0.0 0.0 0.0 0.0 0.0 0 
0.1138095238095238 0.39546485260770975 0.4955281954293673 0.5220008066032882 0.19349481771543403 0.18099930793872027 0.0 0.0 0 
0.06349206349206349 0.23971861471861472 0.2866609818327021 0.1376806838107617 0.11600018471790693 0.2305648945918558 1.0 0.0 0 
0.3458333333333333 0.4444444444444444 0.4681428143587743 0.2200313321734143 0.0989398115531765 0.38555617110088647 1.0 0.0 1 
0.058333333333333334 0.19444444444444442 0.2553450483948875 0.679676576056619 0.2897872452424328 0.46627627182831766 1.0 0.0 0 
0.3333333333333333 0.3333333333333333 0.3333333333333333 0.31480373906182424 0.19009085472073403 0.0020156763729334065 0.0 0.0 0 
0.0 0.0 0.0 0.30387970516330576 0.15912058530997458 0.4437808318260548 0.0 0.0 0 
0.0 0.0 0.0 0.1784523714943861 0.08086053118271405 0.1765330730528146 0.0 0.0 0 
0.0 0.0 0.0 0.38351476913690874 0.1120303111795634 0.2124778566818024 0.0 0.0 0 
0.5 0.5 0.5 0.11220892620060674 0.0130853100124658 0.0 0.0 0.0 0 
0.10978835978835978 0.16666666666666666 0.09532126617273987 0.2757975414959556 0.04034334423464201 0.016447111025090503 0.0 0.0 1 
0.2756172839506173 0.3997354497354497 0.4105317822808167 0.8570063992766286 0.46367588066933574 0.2751274206650043 1.0 0.0 0 
0.6666666666666666 0.6666666666666666 0.6666666666666666 0.04283394836151244 0.04973630721594568 0.12935665316251616 0.0 0.0 0 
0.6375 0.6634615384615384 0.655145257102111 0.01724627221935926 0.0 0.0 0.0 0.0 0 
0.11979166666666666 0.47435897435897434 0.5802443012555228 0.3708310265613235 0.10703620083601968 0.2256119286304138 0.0 0.0 0 
0.08333333333333333 0.35555555555555557 0.3730771919569485 0.3193162781975847 0.01071530681099061 0.09636152754868799 1.0 0.0 0 
0.1111111111111111 0.2962962962962963 0.23778329595915496 0.20202071958726975 0.14161549351985867 0.3874506940708818 0.0 0.0 0 
0.6904761904761905 0.7083333333333334 0.6889218987707538 0.6071490946832896 0.60008079804489 0.6739189076661182 0.0 0.0 0 
0.08333333333333333 0.19047619047619047 0.1702752079219969 0.15683379065780034 0.07910718326481964 0.36703749837524385 0.0 0.0 0 
0.0 0.0 0.0 0.2409074771692994 0.03139991915589647 0.24600508421345316 1.0 0.0 0 
0.1388888888888889 0.3571428571428571 0.41666666666666663 0.18374107153983066 0.04541092948059282 0.032619281853101256 0.0 0.0 0 
0.0 0.0 0.0 0.0 0.0 0.0 0.0 0.0 0 
0.0 0.0 0.0 0.0 0.0 0.0 0.0 0.0 0 
0.0 0.0 0.0 0.394769327314649 0.11173098549761393 0.38387762354135824 0.0 0.0 0 
0.0625 0.11363636363636365 0.05438211061851863 0.41502330364751283 0.11588483803110203 0.19718174252289708 0.0 0.0 0 
0.0 0.0 0.0 0.0 0.0 0.0 0.0 0.0 0 
0.0 0.0 0.0 0.0 0.0 0.0 0.0 0.0 0 
0.625 0.625 0.625 0.5011381530722367 0.3190047127220236 0.24414815520216449 1.0 0.0 0 
0.10416666666666666 0.17857142857142855 0.08345712039032664 0.0 0.39473831547487115 0.23726594906323759 0.0 0.0 0 
0.25 0.375 0.21576155433883568 0.0 0.40010786087290046 0.1410463514067314 1.0 0.0 0 
0.0 0.0 0.0 0.0 0.0 0.0 1.0 0.0 0 
0.0 0.0 0.0 0.0 0.0 0.0 1.0 0.0 0 
0.0 0.0 0.0 0.0 0.0 0.0 0.0 0.0 0 
0.21057910948101374 0.3190052672796883 0.16910668133639384 0.5549892154041374 0.20802885631917511 0.09447312887408027 1.0 0.0 0 
0.2208274225819512 0.333562309126439 0.18123562464332432 0.5906533417498957 0.21953752773287413 0.16013784132414405 0.0 0.0 0 
0.07907193461717885 0.2596605482635605 0.25696473199874886 0.5650496632697297 0.33269005593201484 0.2569570816005075 1.0 0.0 0 
0.04375 0.07777777777777778 0.0368761804802392 0.15892296483960988 0.08013229156789421 0.37535711017402557 1.0 0.0 0 
0.0 0.0 0.0 0.269207197555998 0.05810751483573692 0.3280794451299593 0.0 0.0 0 
0.0 0.0 0.0 0.10884104380065174 0.034109345507654085 0.0 0.0 0.0 0 
0.0 0.0 0.0 0.1985248673690828 0.11005181048776543 0.26048557732851274 1.0 0.0 0 
0.0 0.0 0.0 0.2898718834766012 0.14110225036850813 0.4536425493095332 0.0 0.0 0 
0.19444444444444442 0.29166666666666663 0.16781454226353887 0.2295261033570073 0.07226222328808797 0.06512248359841041 0.0 0.0 0 
0.0 0.0 0.0 0.0 0.0 0.0 0.0 0.5 0 
0.0 0.0 0.0 0.0 0.0 0.0 0.0 0.0 0 
0.2185185185185185 0.6124338624338623 0.7838119301075999 0.04705877755689647 0.0 0.10628794785845641 1.0 0.0 0 
0.09259259259259259 0.29166666666666663 0.28363527523391174 0.013026954304420357 0.04703684397465037 0.0 1.0 0.0 0 
0.0 0.0 0.0 0.47561665722953583 0.4468330884547179 0.2568466067749346 0.0 0.0 0 
0.25 0.375 0.21576155433883568 0.5743567767708142 0.1753740776036917 0.0 1.0 0.0 0 
0.0625 0.2 0.15572952358368336 0.3037226128436845 0.07652804406096887 0.0 1.0 0.0 0 
0.05555555555555555 0.17777777777777778 0.13842624318549632 0.08219173800637414 0.0 0.0 0.0 0.0 0 
0.0 0.0 0.0 0.0 0.0 0.0 0.0 0.0 0 
0.0 0.0 0.0 0.0 0.0 0.0 0.0 0.0 0 
0.45238095238095233 0.47916666666666663 0.4500495148227973 0.5606589042363814 0.5135994599906015 0.5117704912223138 1.0 0.0 0 
0.375 0.6428571428571428 0.75 0.7003399573176059 0.3758865636177953 0.38400821537977214 1.0 0.0 0 
0.0 0.0 0.0 0.4323914360105561 0.10918931770203885 0.28131466645572084 0.0 0.0 0 
0.2 0.3333333333333333 0.1823215567939546 0.237100230793031 0.10961049132529649 0.0 0.0 0.0 0 
0.0 0.0 0.0 0.5540830086896887 0.19806167968033525 0.15920786904053788 1.0 0.0 0 
0.0 0.0 0.0 0.0 0.0 0.0 1.0 0.0 0 
0.0 0.0 0.0 0.0 0.0 0.0 0.0 0.0 0 
0.15277777777777776 0.23809523809523808 0.09589402415059363 0.5345290049966923 0.17284368747920414 0.2867601893730205 1.0 0.0 0 
0.14973161147960093 0.4661009246726766 0.5635628247614031 0.6764014804031441 0.23017454768521162 0.4597783886407381 0.0 0.0 0 
0.22436957114274145 0.5751328059117121 0.7487198233521913 0.17197253888277442 0.11431999308674114 0.20408010106036695 1.0 0.0 0 
0.0 0.0 0.0 0.12413661217761796 0.10399993059958944 0.2931746880574567 0.0 0.0 0 
0.0 0.0 0.0 0.41078801777067464 0.28353671241649586 0.3110144305487543 0.0 0.0 0 
0.0 0.0 0.0 0.0 0.0 0.0 0.0 0.0 0 
0.0 0.0 0.0 0.0 0.0 0.0 0.0 0.0 0 
0.0 0.0 0.0 0.0 0.0 0.0 0.0 0.0 0 
0.0 0.0 0.0 0.0 0.0 0.0 0.0 0.0 0 
0.0 0.0 0.0 0.0 0.0 0.0 0.0 0.0 0 
0.0 0.0 0.0 0.0 0.0 0.0 0.0 0.0 0 
0.0 0.0 0.0 0.0 0.0 0.0 0.0 0.0 0 
0.0 0.0 0.0 0.0 0.0 0.0 0.0 0.0 0 
0.0 0.0 0.0 0.0 0.0 0.0 0.0 0.0 0 
0.0 0.0 0.0 0.3488546750108239 0.17669088846994477 0.10029586666290669 0.0 0.0 1 
0.08459595959595959 0.2328042328042328 0.18880823611061986 0.6229154424177704 0.18209606691607955 0.34901475329544573 1.0 0.0 0 
0.125 0.3758169934640523 0.46856530525465906 0.5001143233644617 0.10777322343184065 0.20028279059847223 0.0 0.0 0 
0.26666666666666666 0.7739938080495357 0.9904146265058631 0.6771227095192939 0.6928833695980304 0.4943379344664431 1.0 0.0 0 
0.75 0.75 0.75 0.65367508961043 0.8198082599223407 0.6844658073694647 1.0 0.0 0 
0.1625 0.49615384615384617 0.644183275227904 0.21327321466185878 0.07368548822918997 0.18857841297562905 1.0 0.0 0 
0.12083333333333332 0.36135265700483093 0.4301611927697091 0.36278676665182297 0.021746907985221654 0.42431364855063886 1.0 0.0 0 
0.13333333333333333 0.41871345029239765 0.5333333333333333 0.694818777066174 0.10787402209655078 0.4201528383452439 0.0 0.0 0 
0.07178571428571429 0.24588744588744588 0.27762301818736856 0.6969006335021659 0.21038910523966328 0.5086148593331804 1.0 0.0 0 
0.18520408163265306 0.5438775510204081 0.6683339245670523 0.5116975408544657 0.27264650541120367 0.48635815461346094 0.0 0.0 0 
0.1726851851851852 0.5674603174603174 0.7146136787419635 0.5122066463973289 0.1609807655898454 0.24746245389180743 0.0 0.0 0 
0.45833333333333337 0.55 0.5833333333333333 0.22446686610138222 0.0065547631579201395 0.3343947808139579 0.0 0.0 0 
0.10714285714285714 0.46875 0.6200089298883509 0.25229736328797014 0.13663089217135008 0.4425022130923558 0.0 0.0 0 
0.058333333333333334 0.26515151515151514 0.3068876392731211 0.13086467173133198 0.008904685806370525 0.0 0.0 0.0 0 
0.3263888888888889 0.49275793650793653 0.5306363310352851 0.615069521637578 0.731002027195659 0.5074427231475875 1.0 0.0 0 
0.18492063492063493 0.4431671106671107 0.5176363622163693 0.4795339718735553 0.10970615467807593 0.34357860815532926 1.0 0.0 0 
0.17428571428571427 0.5527738927738928 0.7165377984980371 0.45845251641141194 0.08810585874766078 0.0 1.0 0.0 0 
0.0 0.0 0.0 0.4004287138156333 0.0868709245969739 0.041724987025043174 0.0 0.0 0 
0.0 0.0 0.0 0.0 0.0 0.0 0.0 0.0 0 
0.0 0.0 0.0 0.0 0.0 0.0 1.0 0.0 0 
0.0 0.0 0.0 0.6354813487170643 0.2154918597487897 0.18302930725384708 1.0 0.0 0 
0.0 0.0 0.0 0.589014886542198 0.17892174216927276 0.31283343620005427 1.0 0.0 0 
0.20520833333333333 0.449000999000999 0.4588252900096017 0.5987515293131835 0.2170468745635401 0.39849490400472143 1.0 0.0 0 
0.0 0.0 0.0 0.0 0.0 0.0 0.0 0.0 0 
0.0 0.0 0.0 0.0 0.0 0.0 0.0 0.0 0 
0.09374999999999999 0.16269841269841268 0.039510193371684856 0.7103421863818997 0.20556502648258942 0.2609427162703326 0.0 0.0 0 
0.09166666666666667 0.2861111111111111 0.3138740012380149 0.5017677369299837 0.06280626672756162 0.0 0.0 0.5 0 
0.0 0.0 0.0 0.36430534810290927 0.20287684218175053 0.46808672599563655 0.0 0.5 0 
0.0 0.0 0.0 0.14076671893087656 0.10987746880481924 0.06942377266206609 0.0 0.0 0 
0.16666666666666666 0.38095238095238093 0.2703100720721096 0.2661120056823145 0.05306685723549108 0.058014569340133826 1.0 0.0 0 
0.5714285714285714 0.5714285714285714 0.5714285714285714 0.3587253466045657 0.3028611291572454 0.38251639539437216 1.0 0.0 0 
0.05416012558869702 0.16146458583433373 0.09113503612674467 0.2598047150886358 0.15446892774335214 0.17719679610566325 0.0 0.0 0 
0.07023809523809524 0.2077205882352941 0.15287579787985872 0.07428306894870818 0.0 0.1921203597338316 0.0 0.0 0 
0.07407407407407407 0.2222222222222222 0.19178804830118726 0.26634015141190526 0.16152496941116384 0.1849628462645085 0.0 0.0 0 
0.05952380952380952 0.20833333333333331 0.22458187530528623 0.4853539115048776 0.0021724615974558622 0.07319346610397096 0.0 0.0 0 
0.20833333333333331 0.4064102564102564 0.45 0.46324399877219014 0.0523524548083264 0.15072921972593872 1.0 0.0 0 
0.16666666666666666 0.22777777777777775 0.0767152193204749 0.5810539200654125 0.21824362566700814 0.3026404432191298 0.0 0.0 0 
0.0 0.0 0.0 0.3990319500477284 0.10983641836484434 0.10125185403622314 1.0 0.0 0 
0.04716435185185185 0.19369029663147314 0.21169661595552872 0.40478766607212546 0.09870205272393219 0.0 1.0 0.0 0 
0.33122115210273223 0.47395928273794286 0.46212883221452794 0.7255272265029136 0.5237552993550333 0.5328172889469986 1.0 0.0 0 
0.39492820584033894 0.6620888819224245 0.6767561521700718 0.6624016917640286 0.39128398904443623 0.3807310095483143 1.0 0.0 0 
0.225 0.40178571428571425 0.3607953799208081 0.7479710019987845 0.396639069810476 0.41421997103958 1.0 0.0 0 
0.5471044525949312 0.6260895307956553 0.6377033680050639 0.6322834406771282 0.34477723062498883 0.3837727704169513 1.0 0.0 0 
0.23478110703586774 0.2629548398801719 0.2220694111811642 0.7549140934150992 0.3458280751077173 0.39827740307395804 1.0 0.0 0 
0.0 0.0 0.0 0.0 0.0 0.0 1.0 0.0 0 
0.0 0.0 0.0 0.0 0.0 0.0 0.0 0.0 0 
0.0 0.0 0.0 0.24526228125842664 0.0021302611109691107 0.04846391263595618 0.0 0.0 0 
0.07250937760541634 0.24492637907714968 0.2605399014384814 0.38395937420308535 0.20180034676986328 0.20850527831614316 0.0 0.0 0 
0.30499763569944716 0.5256426890510228 0.5655766120636261 0.6036265197501975 0.2895755216618007 0.5251528792600882 1.0 0.0 0 
0.0 0.0 0.0 0.4966502543208542 0.08093204154148556 0.31253408546916916 0.0 0.0 0 
0.3435185185185185 0.643355119825708 0.7230380778429484 0.4638197487095259 0.1704915585679506 0.27753924558753157 1.0 0.0 0 
0.0 0.0 0.0 0.19052725953806626 0.09548495536082505 0.0 1.0 0.0 0 
0.07500000000000001 0.26785714285714285 0.375 0.328098942266831 0.05202094555663805 0.0 1.0 0.0 0 
0.0 0.0 0.0 0.48394867784835793 0.09069449702019454 0.11988360658157543 1.0 0.0 0 
0.0 0.0 0.0 0.461952505485584 0.10536086751356762 0.09052001560119481 0.0 0.0 0 
0.06325757575757576 0.22464274855579203 0.21648724644730952 0.4446117909685354 0.06027884481201766 0.0 1.0 0.0 1 
0.21408929410310223 0.3398340792726189 0.35251192429317735 0.6770716435685 0.23101397382233424 0.4010754638321966 1.0 0.0 0 
0.17664066036891374 0.4512380866647614 0.5251469054964624 0.4504721681681805 0.1570210671833811 0.2421344178411192 1.0 0.0 0 
0.1875 0.49914529914529915 0.555367418362534 0.4512289265368362 0.18128554924122506 0.18913180607049426 1.0 0.0 0 
0.12222222222222223 0.3873626373626374 0.43718154209879456 0.6960871154780199 0.3245019057882532 0.07107066058112084 0.0 0.0 0 
0.19234693877551018 0.42709195566338426 0.45131835382611385 0.7093199607548246 0.32011342858267694 0.20987440754270453 1.0 0.0 0 
0.05952380952380952 0.20833333333333331 0.22458187530528623 0.40380977933836715 0.09812134626732576 0.13898780499568547 1.0 0.0 0 
0.125 0.36363636363636365 0.4581453659370775 0.4838788448986493 0.10098634815015207 0.1251835747390852 0.0 0.0 0 
0.20833333333333331 0.41507064364207225 0.4642857142857143 0.7146596991231906 0.2668546590645466 0.3679215481052809 0.0 0.0 0 
0.27976190476190477 0.562953712953713 0.6396139357875543 0.6803795198407031 0.3447702142223696 0.4883578483719057 1.0 0.0 0 
0.14095238095238094 0.3545454545454545 0.36249576718472376 0.6246967547278571 0.19675401586797087 0.1381249688047062 1.0 0.0 1 
0.0 0.0 0.0 0.6748084783866843 0.2520276350065661 0.21514041786230306 1.0 0.0 0 
0.0 0.0 0.0 0.0 0.0 0.0 0.0 0.0 0 
0.0 0.0 0.0 0.0 0.0 0.0 0.0 0.0 0 
0.0 0.0 0.0 0.2877604258837213 0.12266551440065755 0.17049678021992135 1.0 0.0 0 
0.12454545454545456 0.41428571428571426 0.5373393452531843 0.1708002587942954 0.08741033926465959 0.0 0.0 0.0 0 
0.4115684306361219 0.5455374435010116 0.5657812707618555 0.7362902537407513 0.6414448757683443 0.7787582828621948 1.0 0.0 0 
0.39536384556259446 0.5728991994595269 0.6290277696848829 0.6167397030927663 0.48112506079002076 0.6260392695402008 1.0 0.0 0 
0.43637331796439505 0.6734147807218669 0.7417464472202056 0.5692906623632614 0.2337337913369171 0.5511394298414697 0.0 0.0 0 
0.362933332231846 0.6843298825044264 0.7799913348399012 0.7053520843163934 0.23676812606806455 0.34552708644883195 0.0 0.0 0 
0.4126693978081775 0.7314214163904247 0.8135301016931198 0.5001018848726535 0.3528782116567526 0.518933679728135 1.0 0.0 0 
0.4748974788533271 0.6850232394955917 0.7720696675627989 0.47487751055518745 0.3782252796886356 0.49189072872160516 0.0 0.0 0 
0.47632575757575757 0.5745726495726496 0.5546546577048731 0.6891306319010759 0.19029888742567413 0.2790804983035316 0.0 0.0 0 
0.19870919106738066 0.4215739631041374 0.34208032326151294 0.5947371681276618 0.23816415841859323 0.3700469436197242 1.0 0.0 0 
0.10970837989129106 0.3925167336413321 0.4192948914785284 0.10333233091527294 0.06461036761212939 0.0 1.0 0.0 0 
0.0 0.0 0.0 0.17118807189305252 0.17542961500790558 0.14252438363952172 1.0 0.0 0 
0.1875 0.3229166666666667 0.33061332284881917 0.5457720782676938 0.21871994049372254 0.33371335990303974 0.0 0.0 0 
0.06383928571428571 0.24736842105263157 0.26500436733063615 0.5136332230058114 0.33339789028781014 0.4359544096002712 1.0 0.0 0 
0.16785714285714287 0.46875 0.5370852753037755 0.5568735284388303 0.26840948996370184 0.5837494289953672 0.0 0.0 0 
0.15677897300723448 0.4180730024161886 0.473582620353462 0.3275612979319814 0.10489167567993576 0.40588911579848785 0.0 0.0 0 
0.4264980499780663 0.48592288224195845 0.45203034745827264 0.3877319394986529 0.20337356676536952 0.32248972178048146 1.0 0.0 0 
0.09782196969696969 0.22730972730972732 0.0962938538355396 0.6299870544404874 0.26556000756765824 0.24094873173281212 1.0 0.0 0 
0.625 0.625 0.625 0.4994809701297176 0.3858537100697021 0.3086479204120114 0.0 0.0 1 
0.0 0.0 0.0 0.43091229864756264 0.22682138090915988 0.2550267521899362 0.0 0.0 0 
0.0 0.0 0.0 0.43997445671461244 0.03916228660645177 0.11550308215530652 0.0 0.0 1 
0.0 0.0 0.0 0.332838873140594 0.056124022963479535 0.2827500914286643 0.0 0.0 1 
0.0 0.0 0.0 0.4188645124351521 0.1319772447896213 0.18055895306277625 0.0 0.0 1 
0.0 0.0 0.0 0.0 0.0 0.0 1.0 0.0 0 
0.0 0.0 0.0 0.0 0.0 0.0 0.0 0.0 0 
0.1527777777777778 0.5 0.5936733623603527 0.43399630171896053 0.06218688978091511 0.34057389790601045 1.0 0.0 0 
0.1326388888888889 0.4309523809523809 0.5359602590564726 0.36471580507230406 0.09454597356108983 0.4036694882431002 0.0 0.0 0 
0.5531249999999999 0.7665582579185521 0.8058266727978971 0.6250513062066179 0.5709468503888669 0.7473532555175444 0.0 0.0 1 
0.05333333333333333 0.08888888888888888 0.048619081811721226 0.20401000778336287 0.04416195088868614 0.0 1.0 0.0 0 
0.0 0.0 0.0 0.48802831723371587 0.17711268179295 0.24807154725184447 1.0 0.0 0 
0.0 0.0 0.0 0.0 0.0 0.0 0.0 0.0 0 
0.0 0.0 0.0 0.0 0.0 0.0 0.0 0.0 1 
0.0 0.0 0.0 0.0 0.0 0.0 1.0 0.0 0 
0.0 0.0 0.0 0.0 0.0 0.0 0.0 0.0 1 
0.20357142857142857 0.6502321208203561 0.8302585092994046 0.16993096683415643 0.04155144761897 0.42092550280220886 0.0 0.0 0 
0.1211111111111111 0.34855769230769235 0.4058376547512941 0.35051520174554307 0.12120940753076012 0.3970600782845246 1.0 0.0 0 
0.35347222222222224 0.4879807692307692 0.5073739238334185 0.005282283127001519 0.024687505977862345 0.12329365500730403 1.0 0.0 0 
0.05823863636363637 0.24761904761904763 0.25772995200779675 0.007096203807610002 0.05275982721473406 0.03936875476088553 0.0 0.0 0 
0.0 0.0 0.0 0.0 0.0 0.0 0.0 0.0 0 
0.0 0.0 0.0 0.0 0.0 0.0 0.0 0.0 0 
0.0 0.0 0.0 0.02440579459921144 0.07678402257454743 0.0 0.0 0.0 0 
0.3125 0.6493731829409579 0.767653871559954 0.3683709059629776 0.08421735805265153 0.13259582799893865 1.0 0.0 0 
0.24652777777777776 0.6607142857142857 0.7883668611061343 0.2285870526521222 0.04064680533910973 0.1594122337579354 1.0 0.0 0 
0.1875 0.6181318681318682 0.8333333333333333 0.4242180122356862 0.3128345928648067 0.3832738623525436 0.0 0.0 0 
0.09722222222222221 0.38888888888888884 0.5347419804148886 0.21772151340309154 0.10301178865906906 0.2788953029484927 0.0 0.0 0 
0.14583333333333331 0.46884226884226887 0.5452593471161856 0.16360788693865957 0.0 0.05207506361061787 0.0 0.0 0 
0.4734848484848485 0.642063492063492 0.6386956800136125 0.0 0.11508966989901297 0.2090732026398922 0.0 0.0 0 
0.0 0.0 0.0 0.0 0.057430525446586646 0.0 0.0 0.0 0 
0.0 0.0 0.0 0.0020656509863552497 0.13501620080729992 0.0 0.0 0.0 0 
0.046296296296296294 0.1388888888888889 0.11986753018824203 0.504362754682601 0.22043290480659372 0.4323201004038865 0.0 0.0 0 
0.0 0.0 0.0 0.0 0.0 0.0 0.0 0.0 0 
0.0 0.0 0.0 0.0 0.0 0.0 0.0 0.0 0 
0.3402777777777778 0.6329059829059829 0.7256740833702231 0.8680199350782518 0.39654356718312433 0.4827092380953881 0.0 0.0 0 
0.5833333333333334 0.7175084175084174 0.7575364144903561 0.49035180310196247 0.6900020641230261 0.7155530391279399 0.0 0.0 1 
0.12797619047619047 0.44999999999999996 0.5539419627039557 0.29711192602570646 0.020385365873566097 0.15913844149334933 0.0 0.0 0 
0.0 0.0 0.0 0.20483645041192733 0.1648419391011675 0.29330045477078004 0.0 0.0 0 
0.0 0.0 0.0 0.12588621867898497 0.053736400069661475 0.277149047116079 0.0 0.0 0 
0.07500000000000001 0.25 0.32830077650771244 0.38401761146814917 0.04211783477438452 0.21646863138557149 1.0 0.0 0 
0.20535714285714285 0.59375 0.7529222301161846 0.3653400307492597 0.05350341961660001 0.18376983680225428 1.0 0.0 0 
0.0625 0.10714285714285714 0.050074272234195985 0.1935777397042706 0.032884584024547865 0.13133105993667463 0.0 0.0 0 
0.15000000000000002 0.25 0.13674116759546595 0.3090493964126255 0.14716966684046284 0.17777172129593688 0.0 0.0 0 
0.0 0.0 0.0 0.24332568389495302 0.07221258835712187 0.15784052799242715 0.0 0.0 0 
0.1369047619047619 0.46587725999490703 0.5772962791840134 0.33206876257179907 0.12103025919727878 0.3423003956606473 1.0 0.0 0 
0.28273809523809523 0.5229641856742697 0.5332502421151035 0.77563239744823 0.45800016634370483 0.3988657847724618 0.0 0.0 0 
0.1255952380952381 0.45238095238095233 0.58344694038951 0.2833585230601301 0.05654594993618489 0.18494348099162392 1.0 0.0 0 
0.0 0.0 0.0 0.014457257609728935 0.0 0.0 1.0 0.0 0 
0.0 0.0 0.0 0.14789479576374132 0.006747275711053213 0.0 0.0 0.0 0 
0.7158943370092614 0.818606287814816 0.8217073357839522 0.5901374108584949 0.4153295759016458 0.3723053602746229 1.0 0.0 0 
0.0 0.0 0.0 0.0 0.0 0.0 0.0 0.0 0 
0.0 0.0 0.0 0.0 0.0 0.0 0.0 0.0 0 
0.16666666666666666 0.7058823529411765 0.9808292530117262 0.3684070238739314 0.24520847375400212 0.06417745337638862 0.0 0.0 0 
0.1119047619047619 0.4476190476190476 0.5181768264768323 0.32798519903188184 0.09957696182458621 0.26237077980068785 0.0 0.0 0 
0.4331597222222222 0.7075231481481481 0.7720393664650989 0.178310960477422 0.1524028882742978 0.2810320388199104 0.0 0.0 0 
0.38219246031746035 0.5589037698412699 0.5597755658562962 0.40308859780785244 0.26074790402447723 0.46344989850775603 1.0 0.0 0 
0.0 0.0 0.0 0.23397738070299035 0.10895978024795225 0.21470591488191512 0.0 0.0 0 
0.0 0.0 0.0 0.3301802602326678 0.087455953513384 0.22947234622160376 0.0 0.0 0 
0.0 0.0 0.0 0.037178421977164255 0.007406390619842685 0.0 0.0 0.0 0 
0.0 0.0 0.0 0.0 0.0 0.0 0.0 0.0 0 
0.0 0.0 0.0 0.0 0.0 0.0 0.0 0.0 0 
0.09738095238095237 0.31892857142857145 0.36387572586083544 0.5196890800373851 0.2083588407001817 0.37451196245229507 1.0 0.0 0 
0.53125 0.66 0.6926015131959808 0.4438494214496126 0.2098006275136018 0.5475916013742493 0.0 0.0 0 
0.08611111111111111 0.2935064935064935 0.28741400649884447 0.0 0.0 0.0 1.0 0.0 0 
0.0 0.0 0.0 0.0 0.0 0.0 0.0 0.0 0 
0.0 0.0 0.0 0.0 0.0 0.0 0.0 0.0 0 
0.0 0.0 0.0 0.0 0.0 0.0 1.0 0.0 0 
0.0 0.0 0.0 0.3770516385320024 0.1459899888877076 0.177557964942665 0.0 0.0 0 
0.28895202020202015 0.4574098124098125 0.4096363491748426 0.8356243617923271 0.4546499843849686 0.36109016482877393 1.0 0.0 0 
0.3043589743589744 0.4765384615384616 0.4988094221056686 0.7224076930220262 0.4781226966796218 0.4693262787439104 1.0 0.0 0 
0.3972222222222222 0.5288888888888889 0.48717340920985863 0.8163760652098764 0.36017235372034007 0.3249679093602337 0.0 0.0 0 
0.03571428571428571 0.125 0.13474912518317173 0.7325580309590636 0.19862962272837414 0.12781849024732134 1.0 0.0 0 
0.14646464646464646 0.3678733031674208 0.31579641848894835 0.11814231865613656 0.0649906790245869 0.05871285852673092 1.0 0.0 1 
0.0 0.0 0.0 0.014893825317314868 0.04265031592548324 0.0 0.0 0.0 0 
0.0 0.0 0.0 0.0 0.0 0.0 0.0 0.0 0 
0.0 0.0 0.0 0.0 0.0 0.0 0.0 0.0 0 
0.0 0.0 0.0 0.4807974915352333 0.151815666709436 0.20020015788684026 0.0 0.0 0 
0.0 0.0 0.0 0.5264224142296097 0.15580551554572747 0.11967555333746065 0.0 0.0 0 
0.1896043771043771 0.3921957671957672 0.4057191949005471 0.7362521829215622 0.3162084379709726 0.2808873329396174 0.0 0.0 0 
0.1007936507936508 0.2743230625583567 0.20254446849078245 0.4985399278626592 0.16094871161654373 0.05768256880742816 0.0 0.0 0 
0.0 0.0 0.0 0.3685139747429118 0.02950719071752063 0.06633710565322848 0.0 0.0 0 
0.0 0.0 0.0 0.0 0.0 0.0 0.0 0.0 0 
0.0 0.0 0.0 0.0 0.0 0.0 0.0 0.0 0 
0.0 0.0 0.0 0.0 0.0 0.0 0.0 0.0 0 
0.0 0.0 0.0 0.0 0.0 0.0 0.0 0.0 0 
1.0 1.0 1.0 1.0 0.9999999999999998 1.0 0.0 0.0 0 
1.0 1.0 1.0 1.0 0.9999999999999998 1.0 0.0 0.0 0 
1.0 1.0 1.0 1.0 0.9999999999999998 1.0 0.0 0.0 1 
