0.0 0.0 0.0 0.0 0.0 0.0 0.0 0.0 0 
0.0 0.0 0.0 0.0 0.0 0.0 0.0 0.0 0 
0.0 0.0 0.0 0.0 0.0 0.0 0.0 0.0 0 
0.0 0.0 0.0 0.0 0.0 0.0 0.0 0.0 0 
0.0 0.0 0.0 0.16484720091901228 0.10532800590566958 0.21351906826560252 0.0 0.0 0 
0.0 0.0 0.0 0.23608408139422732 0.01185601071321705 0.24107184330109038 1.0 0.0 0 
0.12185730935730935 0.4319934872819488 0.49178116169959984 0.5237190157151419 0.2509685197653818 0.5611980034741453 1.0 0.0 0 
0.4581148018648019 0.611476513682396 0.6026547321681132 0.812719229967299 0.5933048116629814 0.6788072237256164 1.0 0.0 0 
0.0 0.0 0.0 0.14064631567321118 0.025503074691540343 0.0 1.0 0.0 0 
0.0 0.0 0.0 0.26979530151129194 0.005620142789320139 0.009448438971574366 0.0 0.0 0 
0.15632440476190476 0.47935198992184286 0.5663356535121671 0.5739658735288271 0.11882657207034915 0.1839168499505208 1.0 0.0 0 
0.13923468665406613 0.3769936993320039 0.41040321455044315 0.5033581574712982 0.11368296546783002 0.3728770643671854 0.0 0.0 1 
0.24024567493642626 0.5100457167324239 0.5414002305033434 0.8062721843838835 0.42455377315714576 0.631363666067781 0.0 0.0 0 
0.4023674242424242 0.69816052003552 0.8101995768275173 0.9262420462220347 0.6300420515358305 0.649756744617089 1.0 0.0 1 
0.36928210678210677 0.6150487769805951 0.6762097445747235 0.8728936675395027 0.6510373290454612 0.7236719427299723 1.0 0.0 0 
0.1196969696969697 0.3856481481481482 0.45558244184213814 0.4600008116204354 0.2077021369996823 0.5919194113609682 1.0 0.0 0 
0.0 0.0 0.0 0.14485024315943462 0.0656634773901032 0.17122958254281528 0.0 0.0 1 
0.0 0.0 0.0 0.6717189947421915 0.20101667020572925 0.07874791176641763 0.0 0.0 1 
0.17410714285714285 0.28125 0.13064239707428693 0.39874703759765384 0.18584084277585983 0.29494975293408077 0.0 0.0 1 
0.07500000000000001 0.13636363636363635 0.06525853274222236 0.3165922979581194 0.1165227802795732 0.33101570276940845 0.0 0.0 1 
0.0 0.0 0.0 0.39472156976945927 0.29308017163859473 0.639167184755867 1.0 0.0 0 
0.08719135802469136 0.3036778036778037 0.25822409619377135 0.16147813507375552 0.12953801235897477 0.10145210929172058 0.0 0.0 0 
0.19466490299823633 0.4440648723257419 0.4577904821931141 0.7539598359784028 0.44403876045179164 0.513352800497857 1.0 0.0 0 
0.09722222222222221 0.2723214285714286 0.25138306293073265 0.6065138127419467 0.16564132395336142 0.19435817006666686 1.0 0.0 0 
0.12175925925925926 0.3023809523809524 0.2556865803617282 0.2246819954610939 0.0 0.010830215929095853 0.0 0.0 0 
0.16845238095238094 0.3532679738562091 0.2541539662053133 0.35344422887739935 0.18316492679163524 0.4060831390326997 0.0 0.0 0 
0.11831252302166947 0.3413254187412033 0.37575557279149197 0.6055065548652228 0.180354791927013 0.4354680659051091 0.0 0.0 0 
0.2310180273615431 0.3861452685023756 0.39599617589290853 0.7427523686345683 0.49189491324809353 0.5569441191078975 0.0 0.0 0 
0.23958333333333331 0.45202975129445716 0.5315676164526595 0.8768648512941253 0.40316077058298466 0.6319039280445826 0.0 0.0 0 
0.0 0.0 0.0 0.0 0.0 0.0 1.0 0.0 0 
0.0 0.0 0.0 0.0 0.0 0.0 0.0 0.0 0 
0.07416666666666667 0.12592592592592594 0.048619081811721226 0.5999004990491941 0.2692440347023919 0.32904934573532135 0.0 0.0 0 
0.15 0.34285714285714286 0.28200217754744134 0.41421077510350546 0.11635030268105544 0.09617078317663261 1.0 0.0 0 
0.19166666666666668 0.40476190476190477 0.24914440249496633 0.6246019059881338 0.24188833083992692 0.2216544591340294 1.0 0.0 0 
0.10992063492063492 0.18250000000000002 0.08771316558386909 0.6957793984346263 0.24867716839669612 0.41554110835867175 0.0 0.0 0 
0.0 0.0 0.0 0.0 0.0 0.0 1.0 0.0 0 
0.0 0.0 0.0 0.0 0.0 0.0 0.0 0.0 0 
0.29791666666666666 0.6403167008430166 0.7322685264959012 0.8281612712233524 0.4037168950769333 0.46258051356927327 1.0 0.0 0 
0.2223958333333333 0.5437914661018376 0.5396234180590407 0.4287930440459632 0.15252154998133685 0.3686075296996329 1.0 0.0 0 
0.18509615384615383 0.425 0.3377949545018212 0.5372271926028063 0.20636896940649083 0.3028328699990705 0.0 0.0 0 
0.13784340659340658 0.24886363636363637 0.15888334975631974 0.4605977289874006 0.14650312306912994 0.3545569663589722 1.0 0.0 0 
0.04857142857142857 0.22214285714285714 0.2777287243021335 0.6565957277491011 0.22408962159882942 0.31494158202879874 1.0 0.0 0 
0.1488095238095238 0.44726361357940303 0.5664360632150729 0.576948781493591 0.14115892145548256 0.3168425716934632 0.0 0.0 0 
0.14835164835164835 0.45230934479054774 0.5172650223072204 0.4706638428421588 0.17619370548460836 0.4164473770155879 0.0 0.0 0 
0.3195566778900112 0.5489417989417988 0.5929346773381153 0.5842070720462387 0.1987356449765518 0.3778975657124808 0.0 0.0 0 
0.1388888888888889 0.22222222222222224 0.10128975377441922 0.4364195121535388 0.0787146834156564 0.14794051593416985 1.0 0.0 0 
0.6 0.6 0.6 0.46628259535346406 0.3209776974547306 0.4521982848974571 0.0 0.0 1 
0.07 0.11666666666666667 0.06381254487788411 0.4935984457345909 0.2338989541463049 0.20853622956630594 0.0 0.0 1 
0.30983117151258455 0.3277229929937517 0.2887455568715205 0.702830116392372 0.5013203419652356 0.4082402944280043 1.0 0.0 0 
0.3743028598815652 0.5894845266452042 0.6314644183972096 0.9209890559324804 0.5736137080415562 0.5278857664201473 0.0 0.0 0 
0.0 0.0 0.0 0.0 0.0 0.0 1.0 0.0 0 
0.0 0.0 0.0 0.0 0.0 0.0 0.0 0.0 0 
0.19987654320987655 0.5258984533984534 0.5563566394904909 0.4099342811363069 0.21622189153160612 0.31269770426886023 1.0 0.0 0 
0.0 0.0 0.0 0.0 0.0 0.0 1.0 0.0 0 
0.0 0.0 0.0 0.0 0.0 0.0 0.0 0.0 0 
0.0 0.0 0.0 0.0 0.0 0.0 1.0 0.0 1 
0.0 0.0 0.0 0.0 0.0 0.0 0.0 0.0 0 
0.0 0.0 0.0 0.17202277217436102 0.03088899759540111 0.0 1.0 0.0 0 
0.1048519536019536 0.36628917378917375 0.4568393122435853 0.3286394182226071 0.12336362398651564 0.34753730554916945 1.0 0.0 0 
0.3923611111111111 0.5392182379024484 0.539650422651541 0.75997968182448 0.4660953193616458 0.34450077706044574 1.0 0.0 0 
0.1111111111111111 0.18095238095238095 0.06077385226465153 0.3437636091034306 0.1681311879246183 0.0393912961682981 0.0 0.0 0 
0.14351851851851852 0.21666666666666667 0.12200533688646782 0.41320556705879774 0.2677602854368791 0.42735419104303496 0.0 0.0 0 
0.42328042328042326 0.5902777777777778 0.6671623076222635 0.34901739696728096 0.22202133264750118 0.3730193605731546 1.0 0.0 1 
0.12916666666666665 0.37995337995337997 0.44207831915178664 0.24377633170168256 0.02295549628215925 0.4530621987897057 0.0 0.0 0 
0.09523809523809523 0.38095238095238093 0.46209812037329684 0.26891312113931876 0.05134315485711904 0.2749122964463592 0.0 0.0 0 
0.1607142857142857 0.5200557955975913 0.6704495972228494 0.13873904059357445 0.03646037768449136 0.3279006929535396 0.0 0.0 0 
0.18431122448979592 0.5210440316477469 0.574362172881982 0.5662089381171874 0.07502543753225625 0.3798222624155242 1.0 0.0 0 
0.251984126984127 0.6417922276045845 0.7197994055769009 0.5224534529443865 0.14017405945076267 0.3396139610523589 0.0 0.0 0 
0.11650132275132274 0.37541226254040894 0.4173665803320602 0.42456978197847695 0.14838053631338105 0.2979624611949426 1.0 0.0 1 
0.25059691453694155 0.4799234909696692 0.4843683498218616 0.6789665814271891 0.4044295072927057 0.3828173353412304 1.0 0.0 0 
0.40982823192088125 0.5645445742029817 0.5327349901097899 0.2881307288112428 0.13177470521251528 0.46990500462269436 1.0 0.0 0 
0.06318681318681318 0.35555555555555557 0.4194927354472011 0.0 0.0 0.0 1.0 0.0 0 
0.0 0.0 0.0 0.0 0.0 0.0 0.0 0.0 0 
0.0 0.0 0.0 0.37018595029226553 0.0 0.0 0.0 0.0 0 
0.0 0.0 0.0 0.3398745258755884 0.12875386589012297 0.0711515134700187 1.0 0.0 0 
0.0 0.0 0.0 0.2251280319064628 0.11728556833543789 0.1986312641460282 1.0 0.0 0 
0.0 0.0 0.0 0.34440273184329595 0.029564389079840377 0.37579406641805535 0.0 0.0 0 
0.10416666666666666 0.38461538461538464 0.4332169878499658 0.22438093898442957 0.14607968773824676 0.21083379963244367 1.0 0.0 0 
0.11204351204351204 0.47629057851729917 0.6201068405833386 0.29058385484078664 0.16678442166081947 0.3487855388055717 0.0 0.0 0 
0.2364126614126614 0.46734327135910847 0.5002999967025427 0.8240264397843144 0.39154711815203674 0.6090472215018254 1.0 0.0 0 
0.259906462585034 0.4799494156637014 0.5156115456673102 0.726486277908074 0.27698548218224994 0.3784333525130931 0.0 0.0 0 
0.3117568390061541 0.6126915942211663 0.7147288545027416 0.6871537179526706 0.2931869210138015 0.4777806895479599 0.0 0.0 0 
0.23316928710881746 0.6028747393597511 0.6847175858963126 0.48302918530895533 0.3352745907184936 0.5519803680800838 1.0 0.0 0 
0.10690476190476189 0.3571148459383754 0.4502706366896351 0.4085462052444987 0.17789501672687238 0.33903974051763164 0.0 0.0 0 
0.06878306878306878 0.2728758169934641 0.31278483127095896 0.27448609780889144 0.043376609313481036 0.15292531382261526 1.0 0.0 0 
0.11465418365716509 0.3862987837621916 0.47428235202219826 0.6370523636912755 0.27243495251430594 0.44831968723368587 1.0 0.0 0 
0.17978455170209182 0.5755783293787867 0.7445808100916125 0.7042399330103675 0.27333041860223767 0.1926482895838972 1.0 0.0 0 
0.16778273809523808 0.5351432880844647 0.6810699990553676 0.688409066520564 0.41808732537993504 0.3008551505126421 1.0 0.0 0 
0.22463751526251524 0.48213298139768723 0.5499938275244631 0.6020221683085177 0.411899085098293 0.5002013904774013 1.0 0.0 0 
0.21204119369566288 0.44663149918096673 0.48650149142181753 0.751694198010961 0.4454354094691061 0.4542676210024349 1.0 0.0 0 
0.11803906484561853 0.3817588912157208 0.47004884982772405 0.5405500011212632 0.2624007536194805 0.5485322453372458 1.0 0.0 0 
0.12638888888888888 0.3815110815110815 0.47353174693430444 0.40362344631289004 0.20832018817424058 0.24952023097428602 1.0 0.0 0 
0.21722222222222223 0.5059663865546219 0.5274948536095496 0.7598151353283225 0.37725526404387294 0.3618167599133063 0.0 0.0 0 
0.08095238095238094 0.2943840579710145 0.34933452398511344 0.704989772949201 0.1720579120462662 0.1208016207145354 1.0 0.0 0 
0.27208590519461584 0.48752074337632156 0.526806219644919 0.8490831796257203 0.38170448110119376 0.37028570311275055 0.0 0.0 0 
0.2530312460551962 0.4490798617110998 0.4613220250789178 0.8224029165016256 0.474945820240136 0.6524708664664891 1.0 0.0 0 
0.07658730158730159 0.27196057910343624 0.34292759955166996 0.5391927371777814 0.22034810013173112 0.39126724209836566 1.0 0.0 0 
0.18863636363636366 0.4670093050511007 0.5049443790024408 0.43831275505298806 0.08686564048440261 0.4550512363539631 1.0 0.0 0 
0.16041666666666668 0.39560439560439564 0.4127024815408357 0.29969243122057065 0.08516953097481025 0.21046559760584607 0.0 0.0 0 
0.6636904761904762 0.7701465201465201 0.7949767309033264 0.9552693039320537 0.7567287236033992 0.7760003098165915 0.0 0.0 0 
0.0 0.0 0.0 0.5978854435173554 0.21277116674454324 0.16427154581487624 1.0 0.0 1 
0.29047619047619044 0.48357142857142854 0.5217081589953694 0.5604601603564688 0.3328564839987923 0.18085151721415219 1.0 0.0 0 
0.14916666666666667 0.5076923076923077 0.6351424712791509 0.3454591798689982 0.14747258577642927 0.2512783104500686 0.0 0.0 0 
0.10892857142857143 0.39571298266950444 0.48682896398989856 0.3185916583171464 0.1275020146900554 0.0 0.0 0.0 0 
0.15458333333333332 0.4497727272727273 0.5227014345191441 0.7463271606229706 0.29906143529670165 0.4625582822137357 1.0 0.0 0 
0.3874603174603174 0.5646632854325162 0.5753382335354619 0.8026674036115171 0.7207271690374135 0.7208552299271143 1.0 0.0 0 
0.14056915306915307 0.4425054834557096 0.46569833642080094 0.34385932213204606 0.07653497270049701 0.19652691408910847 1.0 0.0 0 
0.17261904761904762 0.5104119425547997 0.5670986780647451 0.40619495021665997 0.08136040435392133 0.23796868626299586 0.0 0.0 0 
0.26190476190476186 0.2738095238095238 0.25864395755607955 0.7331296478045232 0.40313379899740326 0.3069179218052567 1.0 0.0 0 
0.38055555555555554 0.49444444444444435 0.4802741220611635 0.8044779424830788 0.5852193871645056 0.4488654418417101 1.0 0.0 0 
0.1452117327117327 0.3500446428571428 0.31355915805166956 0.6958442335499216 0.22059629629404193 0.5388503295909169 1.0 0.0 0 
0.2513888888888889 0.49799679487179493 0.4927907338830548 0.36838201573300244 0.0910734627221097 0.37278371079719064 1.0 0.0 0 
0.3173611111111111 0.662720526807214 0.60298701037465 0.5581947087709724 0.19461979076462285 0.36061221336569493 1.0 0.0 0 
0.30925925925925923 0.4802369170790223 0.5244289317133288 0.7910522368497158 0.568780490689894 0.592103241354583 1.0 0.0 0 
0.1488286227274387 0.3212162246458441 0.2388252831262413 0.6899838339683465 0.27193589773426713 0.09553133444777433 1.0 0.0 0 
0.14266111728208186 0.3106819167834197 0.30628010627257474 0.7836134395038427 0.33011292524314284 0.24275569879028439 1.0 0.0 0 
0.13917162652794715 0.4119519773651902 0.5027135421295871 0.7972960182576194 0.36402632535251606 0.35495151603374414 1.0 0.0 0 
0.2070782227032227 0.5526480463980463 0.6341606335506234 0.5017459578417051 0.26335071491482676 0.3591880052600618 1.0 0.0 0 
0.12046689502541094 0.4215168517521051 0.5066968859529688 0.48665726785245855 0.30141378654256856 0.606976629580741 0.0 0.0 0 
0.0 0.0 0.0 0.27309544219523096 0.11036703727041759 0.07638083230459343 1.0 0.0 1 
0.0 0.0 0.0 0.3235974512120261 0.13072751400547658 0.2254205315693986 0.0 0.0 0 
0.04346099285371857 0.08071327244262021 0.04187047862629424 0.3588549669459975 0.07897446488407077 0.17639881590550277 0.0 0.0 0 
0.138349100022469 0.44626127594899034 0.5456101386144748 0.10811762392184265 0.04302839376341845 0.0 1.0 0.0 0 
0.11289173789173788 0.3986568986568987 0.43448502571042663 0.39650244226130593 0.3062308172783021 0.28647816811160076 0.0 0.0 0 
0.12152777777777776 0.48645652593021016 0.601201789543235 0.35407575259730395 0.059192211524478164 0.21452877113328894 0.0 0.0 1 
0.0 0.0 0.0 0.20856976165471863 0.03339992336446675 0.0 0.0 0.0 0 
0.1972222222222222 0.3041666666666667 0.29834430197938 0.6345159858563212 0.31093137686496153 0.01060203744725384 1.0 0.0 0 
0.24726851851851853 0.5790221615711811 0.6403610200690737 0.8404841048589353 0.41374315573049925 0.6313941349784628 1.0 0.0 0 
0.3728975215817321 0.5648879142300195 0.6131900279514535 0.9320978662288595 0.6551712160383226 0.8396549212467708 1.0 0.0 0 
0.15203634085213033 0.4657371137634296 0.5980535854411407 0.4126530720898327 0.19917341920567858 0.3642172306637786 1.0 0.0 0 
0.1527777777777778 0.5102564102564103 0.5776226504666211 0.35631568125743074 0.08205169708430518 0.19016679081242402 0.0 0.0 0 
0.08611111111111111 0.2794871794871795 0.31769245775664157 0.42208045293905583 0.11979003849698511 0.257774554106393 0.0 0.0 0 
0.3 0.3333333333333333 0.29558038919848867 0.9282219584613799 0.5248402923559466 0.6515471470490103 1.0 0.0 0 
0.0 0.0 0.0 0.0 0.0 0.0 0.0 0.0 0 
0.0 0.0 0.0 0.0 0.0 0.0 0.0 0.0 0 
0.16652777777777777 0.4871572871572871 0.49741569697466825 0.7235834211259264 0.2950410716391462 0.5024926525064236 1.0 0.0 0 
0.1742832167832168 0.30952380952380953 0.23679851684197356 0.6242564798309774 0.29740518647947145 0.18417024683639865 1.0 0.0 0 
0.12373737373737373 0.19444444444444442 0.10928558942041144 0.6939775339386477 0.3612667566661914 0.1970250631877306 0.0 0.0 0 
0.1024074074074074 0.2709401709401709 0.23727157981160624 0.6434720838610262 0.23623800120787528 0.2084398118326564 0.0 0.0 0 
0.4253412628685053 0.5990250188619045 0.6346496425473624 0.8424111887815042 0.569536167551464 0.6990121643986487 1.0 0.0 0 
0.5469254434086321 0.5584785161019428 0.5448739380899108 0.3775253823871578 0.13131268238626204 0.09822873745633674 1.0 0.0 0 
0.14683433240283958 0.23493493184454334 0.1070842562979469 0.4239418560959881 0.1340442290252325 0.18331574110760132 0.0 0.0 0 
0.23518935512132516 0.4429902591825775 0.502961836538352 0.6434118041911842 0.38303337024775463 0.3880786777380446 1.0 0.0 0 
0.1884539072039072 0.4750090187590188 0.5001579380856661 0.6979355439224146 0.3664360815647459 0.34719190721010995 0.0 0.0 0 
0.16652777777777777 0.48281045751633983 0.49095640812616315 0.6138488565717234 0.24658275091280682 0.25253948707631113 0.0 0.0 1 
0.18570987654320986 0.5215608465608466 0.6151404902525702 0.43384298604096094 0.18951626435294738 0.4386340551111081 0.0 0.0 0 
0.44196127946127944 0.6288827927865361 0.6568157216018125 0.5136058610683185 0.486223381306149 0.6319481474895079 1.0 0.0 0 
0.19445970695970693 0.4617816823699177 0.4520729790525432 0.6663730122424592 0.33963312584790434 0.6200331700547833 1.0 0.0 0 
0.05681818181818182 0.24369747899159666 0.27124273632279644 0.4623540715714767 0.25433221274200607 0.5542742214159863 0.0 0.0 0 
0.0 0.0 0.0 0.17406490915003636 0.10612476336032166 0.09654730963242288 0.0 0.0 0 
0.0 0.0 0.0 0.46334223190029833 0.03903295941881835 0.14908134016771668 0.0 0.0 0 
0.0 0.0 0.0 0.6482321548719598 0.17203467206598527 0.3117792834123194 1.0 0.0 0 
0.16666666666666666 0.25 0.14384103622589045 0.23325715547532289 0.08653479719040652 0.0 1.0 0.0 0 
0.0 0.0 0.0 0.26317732924101866 0.04045082860153915 0.006249286535347641 0.0 0.0 0 
0.07142857142857142 0.24615384615384617 0.21624805765768768 0.05417453546768247 0.0373451624759849 0.06440836838614197 0.0 0.0 0 
0.07804232804232804 0.34375 0.44034342964412193 0.09460023268365303 0.01492457537759928 0.1449314607580815 0.0 0.0 0 
0.4375 0.59 0.6 0.8673177770687658 0.6682131356346374 0.5560768518931309 0.0 0.0 0 
0.358939594356261 0.4776354174148292 0.44575493275641265 0.8683559740653362 0.5607054517639372 0.5926923040093497 0.0 0.0 0 
0.08477032227032227 0.23295038295038295 0.2127243367780696 0.44155839550808396 0.17104797710157646 0.07537190388881822 0.0 0.0 0 
0.10708601163146617 0.2749528249528249 0.2990235679726538 0.5735685311058298 0.1351298959468368 0.12523446615633205 1.0 0.0 0 
0.35923295454545456 0.6136458882105167 0.6578468035910812 0.8260693691707156 0.42485799631869187 0.7910287483637607 1.0 0.0 0 
0.39175347222222223 0.5934383706249031 0.6613484628064276 0.5089506216688334 0.36230492572372797 0.6556776115667712 1.0 0.0 0 
0.07767455041872219 0.26288897435616526 0.32345452610598635 0.3522279014295281 0.08297276641723327 0.37798849468973933 0.0 0.0 0 
0.15346276438182904 0.4503419241200798 0.5178490755162974 0.5525287758134817 0.32761801575416605 0.27698306495606234 1.0 0.0 0 
0.13839285714285715 0.42064558195072904 0.3850670203482275 0.6377867268820352 0.38345012256852895 0.40579209009829625 0.0 0.0 0 
0.26066468253968256 0.5461489898989899 0.5493869154910778 0.4257472351476399 0.11307179446514518 0.17943864363141376 1.0 0.0 0 
0.1523268398268398 0.33852813852813857 0.31718001126924295 0.39617522740673294 0.03339975697777352 0.05511252786041133 1.0 0.0 0 
0.33571428571428574 0.4406307977736549 0.5 0.7996439896237869 0.49435313163470623 0.6819357108983688 0.0 0.0 0 
0.22240711432113175 0.5134981603483784 0.5667055338855655 0.4685861433720312 0.22769335862590462 0.4581352496990083 1.0 0.0 0 
0.1719165108830209 0.3908672908923292 0.4090169250872799 0.4400203226033572 0.15175995813244733 0.0 0.0 0.0 0 
0.05304232804232804 0.18079975579975582 0.17970576526330162 0.34132766905235645 0.12259307848183842 0.017554072397315913 1.0 0.0 0 
0.373015873015873 0.46590909090909094 0.4680824585165051 0.7218328774093727 0.6583046910148455 0.6999278626845951 0.0 0.0 0 
0.05909090909090909 0.19166666666666665 0.19734991295540338 0.5160562839014333 0.1614344392300412 0.5270707100595059 0.0 0.0 0 
0.12667332667332667 0.29833333333333334 0.23565918050244145 0.7013300725732584 0.2352746626008602 0.48949297183140655 1.0 0.0 0 
0.47401596480504316 0.5684201918617802 0.5544259796497787 0.5773730677315158 0.5239652143693195 0.710354414714295 1.0 0.0 0 
0.0 0.0 0.0 0.43855146408027923 0.1489942029600778 0.26503699290096383 1.0 0.0 1 
0.0 0.0 0.0 0.32422826452072173 0.048591386796761615 0.15708816922297586 0.0 0.0 0 
0.0 0.0 0.0 0.03126552352740719 0.002127961901668436 0.0 1.0 0.0 0 
0.0 0.0 0.0 0.1413171545772105 0.06944319776000744 0.11262809687730822 0.0 0.0 0 
0.1720548957287109 0.3771379663480249 0.3809351011296602 0.4277800139277792 0.1457076126345576 0.0 1.0 0.0 0 
0.4233793796835541 0.6504529544545216 0.6813094241859012 0.6549619695680952 0.33482702064098974 0.7661934870556456 1.0 0.0 1 
0.1865079365079365 0.5149879688717592 0.5769293839991517 0.6178500263212791 0.2881102963882115 0.5936127530502309 0.0 0.0 0 
0.431904761904762 0.6010989010989012 0.6637962271828532 0.8273970728797041 0.5432640449757449 0.7552644496748826 0.0 0.0 0 
0.7233766233766233 0.7944444444444445 0.8067840630001355 0.8583352604269544 0.6275545366705573 0.7922018967212177 0.0 0.0 0 
0.04093117215069362 0.13087857521465154 0.12437054442292841 0.7060520502227056 0.26162869321765597 0.5172190652084877 1.0 0.0 0 
0.24999999999999997 0.4527147525676938 0.4990610590140666 0.7906124845470751 0.29674478901790236 0.3580505578855653 1.0 0.0 0 
0.07448979591836734 0.3056043956043956 0.36935412084283115 0.6457903491069735 0.27059599895256964 0.12203914438284579 0.0 0.0 0 
0.30671768707482994 0.5200083542188805 0.5538104519285142 0.6917810482408211 0.46916820844953805 0.27605036369484776 1.0 0.0 0 
0.14583333333333331 0.46568955811989865 0.5489030934873865 0.7860700733551583 0.38659107905722473 0.45258526069401994 1.0 0.0 0 
0.4936111111111111 0.7481135531135531 0.7770769831026567 0.8188081083026805 0.3139897696810673 0.44621956218972864 0.0 0.0 0 
0.42956349206349204 0.62778293135436 0.668558131944758 0.8711153853300789 0.4754393442601507 0.562299654170182 0.0 0.0 0 
0.0 0.0 0.0 0.30649632637477087 0.07279101714630687 0.04674685594936417 0.0 0.0 0 
0.0 0.0 0.0 0.43240679651504665 0.1485573850007222 0.38680850558144764 0.0 0.0 0 
0.0 0.0 0.0 0.28326351633666125 0.040075761617948555 0.2703049339977716 1.0 0.0 0 
0.5908068783068783 0.7280501089324618 0.7716673559654612 0.40435659323964546 0.4616040699289055 0.6805612087274405 0.0 0.0 0 
0.0 0.0 0.0 0.22578695822246764 0.09889932512053842 0.36545288017126176 1.0 0.0 0 
0.0 0.0 0.0 0.280111603658199 0.11981329267624664 0.33119684725199616 0.0 0.0 0 
0.5103240740740741 0.7957131052268351 0.9286316447955583 0.7408067153255411 0.6346796093694219 0.7457715359345133 1.0 0.0 0 
0.3194047619047619 0.6657035445757249 0.812309455027756 0.7250643699585844 0.2470084256518301 0.6280055620702882 1.0 0.0 0 
0.15749999999999997 0.4628990057561486 0.5594637465936175 0.6451386301514481 0.38981240054684546 0.45874936019029433 1.0 0.0 0 
0.37129161954969386 0.58814003802744 0.5726264402583705 0.45105661835039723 0.23271805224216466 0.13518563664866975 1.0 0.0 0 
0.0 0.0 0.0 0.301060075074 0.1205632524507744 0.031030750196776303 1.0 0.0 0 
0.0 0.0 0.0 0.35156834292780514 0.059856521672062346 0.14850587166351856 1.0 0.0 0 
0.4203703703703704 0.5983923483923483 0.5748459954345939 0.6993694500343514 0.5792857286705332 0.6267786869305132 0.0 0.0 0 
0.2543816137566138 0.5243734335839599 0.5320428252298943 0.7178881003785245 0.21932039400082307 0.35243383048316673 1.0 0.0 0 
0.21512030431420637 0.49572503812376856 0.48815359710709927 0.5281836266451337 0.14421755143547405 0.2404022055969695 1.0 0.0 0 
0.12871522938123384 0.34400551266257595 0.3230254295170486 0.3428689191404415 0.09316531045503017 0.2391237763816908 1.0 0.0 0 
0.31607142857142856 0.5536151960784313 0.6482006775139884 0.8499396997649171 0.3716683962189638 0.5400749593542018 0.0 0.0 0 
0.22223759402871046 0.5640019493918157 0.5919492993372142 0.8001255280577638 0.4801617704527602 0.5750891656578672 1.0 0.0 0 
0.14090799208974641 0.3967766681059699 0.40451462494598894 0.6233560698005121 0.3334118930006053 0.3663610778475267 1.0 0.0 0 
0.21375 0.4435714285714286 0.45 0.6681736921057996 0.27663725884773466 0.3294809710485725 0.0 0.0 0 
0.024242424242424242 0.10158730158730159 0.10213126726829488 0.5226596831124231 0.11534162005005409 0.19973906089888668 1.0 0.0 0 
0.026666666666666665 0.08205128205128207 0.06430988181783683 0.5377845918451164 0.15759751379721748 0.3232194505860156 0.0 0.0 0 
0.23766233766233763 0.31529411764705884 0.30010319603292457 0.804652904776652 0.6075516865552324 0.6530017798239891 1.0 0.0 1 
0.21563661946702622 0.46705703246410424 0.5187623823060178 0.7762343708324839 0.48110427201293526 0.6653402085889664 0.0 0.0 0 
0.3087871573608277 0.5140812508044407 0.5591758580335816 0.40826677832822567 0.24995048909199002 0.46756158685064336 1.0 0.0 0 
0.12781722349401672 0.3326062909398953 0.36087360453421463 0.4172660823103257 0.19379688035383505 0.22082051902351577 1.0 0.0 0 
0.3655419223402735 0.5600239635326142 0.6060286110688512 0.8306525968999913 0.7068181596762304 0.6562506946484784 1.0 0.0 0 
0.24596856628099084 0.4357566737857088 0.4778916989582165 0.6617950883867261 0.559595479844985 0.5733780142193635 1.0 0.0 0 
0.2559506577368138 0.5424126239259296 0.598572888831957 0.666649753731029 0.3290017174926152 0.47812131698801624 1.0 0.0 0 
0.44253663003663 0.6643023643023642 0.7002245046716407 0.7585761779479793 0.4319693495519007 0.5116874142171393 1.0 0.0 0 
0.1253968253968254 0.37777777777777777 0.38783360207866346 0.26554782813691236 0.1331563770622738 0.21223802455658702 0.0 0.0 0 
0.10379021888317388 0.4048986541720408 0.4538664142409635 0.22238770118829976 0.031653996249630494 0.3662896538921766 0.0 0.0 0 
0.0 0.0 0.0 0.19128420649970512 0.041386031073602045 0.43532670905058024 1.0 0.0 0 
0.0 0.0 0.0 0.3787048460145933 0.19231610616687472 0.3900560892849485 0.0 0.0 0 
0.0 0.0 0.0 0.41333778913740105 0.06037812485415097 0.1438932091972142 0.0 0.0 0 
0.0 0.0 0.0 0.35317295032284823 0.05267801803573739 0.10890090119043702 1.0 0.0 0 
0.0 0.0 0.0 0.34485207779978366 0.0 0.0030545136008362918 0.0 0.0 0 
0.047319347319347324 0.20156487232574188 0.21546759284032466 0.2887402380058268 0.09476341427314605 0.2955824530712426 0.0 0.0 0 
0.04166666666666667 0.20833333333333331 0.2554601970360037 0.16551937137213668 0.023068278175774122 0.13342185221010258 1.0 0.0 0 
0.12 0.3868131868131869 0.49418327522790395 0.27921128819455543 0.06539648632655776 0.12578771372302314 0.0 0.0 0 
0.15303571428571427 0.46997113997114 0.5270240502597585 0.6800179719482066 0.28942112124194225 0.18602818849433828 1.0 0.0 0 
0.0 0.0 0.0 0.0 0.0 0.0 0.0 0.0 0 
0.0 0.0 0.0 0.0 0.0 0.0 0.0 0.0 0 
0.16798941798941797 0.42444900778234107 0.47077158693364357 0.6359455544986119 0.350493689803427 0.48874181856796617 1.0 0.0 0 
0.31666666666666665 0.5177326486150016 0.582770518275455 0.667108886877215 0.39727464935921325 0.4476023276739717 1.0 0.0 0 
0.41369047619047616 0.5364583333333333 0.584247054196459 0.3000608554448252 0.26601024812725826 0.5901032420950706 0.0 0.0 0 
0.07824074074074075 0.3073919449048448 0.3701750449892045 0.20457947088511064 0.09693630970010361 0.3051318648170863 0.0 0.0 0 
0.06172839506172839 0.2777777777777778 0.31964674716864544 0.2881754762257258 0.02558533668591882 0.0672193941522638 1.0 0.0 1 
0.0 0.0 0.0 0.2690397363276893 0.13015243768654697 0.1348686401825523 0.0 0.0 0 
0.08283522033522034 0.31946657509157506 0.3641822314263641 0.2150674834741083 0.08777215356241005 0.1365512861305508 0.0 0.0 0 
0.09299242424242424 0.37465538847117796 0.4787699544660968 0.5542663806879773 0.08937140425868098 0.10152424960893208 0.0 0.0 0 
0.17438158731396286 0.49471157525214904 0.5918610835970481 0.43856372929370535 0.13342181743237672 0.32286761069657555 0.0 0.0 0 
0.4050489484147983 0.6228590088651211 0.5853662573989414 0.5476355830608999 0.21270589282039448 0.3756191271665541 1.0 0.0 1 
0.35813492063492064 0.4930555555555556 0.4848342384368396 0.38972249311775853 0.4858974614983042 0.598154802682616 0.0 0.0 0 
0.319047619047619 0.45 0.46429871693531855 0.5717792892065431 0.11646740277641238 0.2981860395214959 1.0 0.0 0 
0.22705026455026456 0.35429385429385424 0.3353234194116534 0.6635405822727258 0.48294880456152023 0.400720493819145 1.0 0.0 0 
0.19866407811253864 0.47101289962567594 0.5248327320286319 0.6074949043147383 0.2397739955929645 0.3135826928648599 1.0 0.0 0 
0.16757427155807317 0.48505354490132463 0.6006476579852587 0.6229297073541573 0.12888354941718685 0.07040521790524194 1.0 0.0 0 
0.20108555141776446 0.5882392301086972 0.7392134713184375 0.6544958773700122 0.3279135756931983 0.5411736088550202 1.0 0.0 0 
0.11128524249107666 0.37368493685437676 0.4157442357488613 0.4314096857500065 0.0645744772175911 0.1753365768453022 1.0 0.0 0 
0.0 0.0 0.0 0.3656488858533644 0.0920907864095038 0.0 1.0 0.0 0 
0.0 0.0 0.0 0.4219213799667161 0.11766761460478906 0.20053900971297997 1.0 0.0 0 
0.0 0.0 0.0 0.4613958066501227 0.11311058275043379 0.31193478458277485 0.0 0.0 0 
0.3055457443973292 0.5925106298816272 0.6606202838772879 0.689740930916545 0.3044008074512996 0.522165363706683 1.0 0.0 0 
0.273989898989899 0.5500416051253372 0.6285161345775856 0.8480331532259566 0.47458104664216605 0.5059619188240243 1.0 0.0 0 
0.11227633477633478 0.3647480297480298 0.4217884877494804 0.5979325343683605 0.33818769269513976 0.40745886225777833 1.0 0.0 1 
0.11263736263736263 0.3420779220779221 0.3712899864976632 0.5278396727803996 0.07575088541360094 0.29889000666388443 0.0 0.0 0 
0.18353174603174602 0.44613749540220127 0.43398579585514574 0.7735617389932433 0.3405988027433197 0.35741566013961185 1.0 0.0 0 
0.1306547619047619 0.5203216374269006 0.6761967204696874 0.1783803910820312 0.05034572222784109 0.448147197112901 1.0 0.0 1 
0.15300925925925926 0.564766081871345 0.7322754265732229 0.17438353420124142 0.031236076611992562 0.3314260936012215 0.0 0.0 0 
0.21319444444444446 0.5324516170104405 0.6430875275900527 0.515329632909937 0.2534439898036131 0.3745797076637963 0.0 0.0 0 
0.11157407407407408 0.31938551644434 0.2914707663851018 0.6114977293330212 0.23013684722386307 0.4612738831711494 1.0 0.0 0 
0.07498196248196248 0.23750646457413377 0.18303164615823536 0.38775938946609645 0.17309495769443506 0.4008415498956229 1.0 0.0 0 
0.38734693877551024 0.5160714285714286 0.5733341837988906 0.43726262321631937 0.6094188283773465 0.6410999928121617 0.0 0.0 0 
0.1302380952380952 0.43683053788316945 0.5101092789211817 0.31859407230435743 0.044600838929228406 0.41857671146563386 0.0 0.0 0 
0.10428571428571429 0.3956993934110639 0.49993988340063 0.6120875350776009 0.22008751281191857 0.6205130328476548 0.0 0.0 0 
0.10111111111111112 0.3935185185185185 0.5078829767312006 0.2598626880986703 0.11725425081408344 0.400616569639039 1.0 0.0 0 
0.10520833333333332 0.36349206349206353 0.4254506822012788 0.4154552369307647 0.06523033246878868 0.5831158021002367 0.0 0.0 0 
0.5410714285714286 0.6476190476190476 0.6228574020889811 0.3332137096527632 0.18028035791380126 0.36990216143895566 1.0 0.0 0 
0.278024195192297 0.5229743363270973 0.5385919983557579 0.7003091776057637 0.31742490510160326 0.4139281606378582 1.0 0.0 0 
0.12464900545094329 0.49135353365163015 0.63834949331248 0.4554010977222238 0.046058511159524924 0.2639104091669786 0.0 0.0 0 
0.12229166666666666 0.49096362229102164 0.6366433975699932 0.3185996215546527 0.0052534825838769636 0.10411451123622077 0.0 0.0 1 
0.13190476190476189 0.36233139409609993 0.32113398079814126 0.2931957555403648 0.12924607098892185 0.5642927826293909 1.0 0.0 0 
0.14242424242424243 0.4359383753501401 0.4788006446042402 0.30196848468979354 0.14298090446240225 0.37342506365010875 1.0 0.0 0 
0.22373015873015872 0.6213888888888889 0.668972479053981 0.5924629533876693 0.16315385213580486 0.21862201094306646 0.0 0.0 0 
0.09 0.32597402597402597 0.4205663167399354 0.6611997852311285 0.2416737839824506 0.41837283973596245 1.0 0.0 1 
0.3849206349206349 0.5620915032679739 0.6542151436420963 0.23039332663357492 0.5343728836077691 0.7429188112354846 1.0 0.0 0 
0.16666666666666666 0.5399053188526872 0.6826678573184468 0.17329038903681426 0.1034583807510911 0.5476366110706624 0.0 0.0 0 
0.1244047619047619 0.39706539074960123 0.4340806305814244 0.5451405685328727 0.23312213123222789 0.5565494939630542 0.0 0.0 0 
0.0 0.0 0.0 0.3464162858135075 0.08651853623368777 0.2431805802890801 0.0 0.0 0 
0.0 0.0 0.0 0.0 0.0 0.0 0.0 0.0 0 
0.0 0.0 0.0 0.0 0.0 0.0 0.0 0.0 0 
0.0538592224261184 0.09253107178146866 0.03864282784143011 0.41358806698380457 0.1394756592371567 0.22580342118902258 1.0 0.0 1 
0.1607142857142857 0.21428571428571427 0.0 0.3913265923214686 0.04030666790181957 0.2560656964293128 1.0 0.0 0 
0.3291383219954649 0.4716604823747681 0.433602504202481 0.6835618191588484 0.18750847031236073 0.25236875262995284 1.0 0.0 0 
0.04444444444444444 0.15064935064935064 0.14659027451958853 0.5921234364837381 0.16147569929964747 0.06300742429789588 0.0 0.0 0 
0.10416666666666666 0.33333333333333337 0.41666666666666663 0.5738268928592456 0.21871060427592837 0.40592834375911574 0.0 0.0 0 
0.28125 0.5961538461538463 0.6078807771694178 0.6215197001801306 0.1933677897612169 0.23094175541316975 0.0 0.0 0 
0.22833333333333333 0.5265037593984963 0.5434966735468287 0.5273506422376214 0.1814821075372878 0.09243993703646135 0.0 0.0 0 
0.0975 0.3107692307692308 0.3741162056816888 0.4432908728890258 0.07065030329639349 0.24073792201150404 0.0 0.0 0 
0.0 0.0 0.0 0.35970524731049136 0.07632235102735715 0.0832275817366726 0.0 0.0 0 
0.0 0.0 0.0 0.07958002128408181 0.0643455134801467 0.02191728285239595 0.0 0.0 0 
0.0 0.0 0.0 0.1592750228930141 0.1740273134938422 0.10161311740706497 0.0 0.0 1 
0.5833333333333334 0.5833333333333334 0.5833333333333334 0.5292354901717791 0.45492339070268195 0.5417964680600569 0.0 0.0 0 
0.235515873015873 0.3296078431372549 0.25503059119562316 0.386819236129341 0.12018896466156918 0.07119637127131606 1.0 0.0 0 
0.054230769230769235 0.1434065934065934 0.10293371292434131 0.23512614880406224 0.06288159076400099 0.4494636805949736 1.0 0.0 1 
0.08569023569023569 0.3180887739711269 0.3000591410212974 0.17369553621322975 0.1637643966212524 0.3462760808712852 0.0 0.0 0 
0.23006986077781927 0.5994043104668878 0.6400091267801793 0.5142162983275593 0.1979901144502768 0.42737259572924635 0.0 0.0 0 
0.0 0.0 0.0 0.0 0.0 0.0 0.0 0.0 0 
0.0 0.0 0.0 0.0 0.0 0.0 0.0 0.0 0 
0.12822751322751325 0.46579365079365076 0.6111412931264905 0.2477709220768609 0.09196997899626497 0.40041674396086085 1.0 0.0 0 
0.1886904761904762 0.5705128205128205 0.6399916128793216 0.1740231047430374 0.05183923444804736 0.16092412811222137 0.0 0.0 0 
0.28739316239316237 0.375 0.36972168458897503 0.531722053271513 0.5870106388224314 0.5355842053122002 0.0 0.0 1 
0.05335081585081586 0.14926739926739926 0.11283551903265701 0.3819615722899672 0.1436956870370535 0.05951364927517515 0.0 0.0 0 
0.08009259259259259 0.3341503267973856 0.41347154216862103 0.33290610052385994 0.12540453493414425 0.0 1.0 0.0 0 
0.3557449494949495 0.5824770258980785 0.5805294200653905 0.874227744925815 0.5084997453839529 0.2385712504274714 1.0 0.0 0 
0.1919642857142857 0.46762645249487356 0.42152878783862247 0.451005279979519 0.2132035962328316 0.4116007915860837 1.0 0.0 0 
0.30205112347969487 0.5153707764097375 0.5326751483791025 0.5509635211542382 0.19850594564738167 0.49772641026093595 1.0 0.0 0 
0.195505883005883 0.4927126497982113 0.49111093446990883 0.18185053067297763 0.12547178659327063 0.031586877486182094 0.0 0.0 0 
0.0 0.0 0.0 0.0 0.0 0.0 1.0 0.0 1 
0.0 0.0 0.0 0.0 0.0 0.0 0.0 0.0 0 
0.22521659041912945 0.4357956999001432 0.43271480724700506 0.7498023281835164 0.3921838859340316 0.3108274064906739 1.0 0.0 0 
0.125 0.3333333333333333 0.26750620795404934 0.2866527071602727 0.12052969544248572 0.1062871339885999 1.0 0.0 0 
0.20075757575757575 0.4375 0.36802991150924813 0.24083308045306073 0.09757093639068079 0.077588930438403 0.0 0.0 0 
0.125 0.1875 0.10788077716941784 0.5317255896511148 0.3075543414335464 0.12677540169015916 1.0 0.0 0 
0.0 0.0 0.0 0.4446438611810529 0.1604259772751262 0.12180463416267105 1.0 0.0 0 
0.0 0.0 0.0 0.5195543859748053 0.05977726866264382 0.1899847193777153 0.0 0.0 0 
0.0 0.0 0.0 0.0 0.0 0.0 0.0 0.0 1 
0.0 0.0 0.0 0.0 0.0 0.0 0.0 0.0 0 
0.0 0.0 0.0 0.5370757005270348 0.1898233099129284 0.18449674845039668 0.0 0.0 0 
0.2111492673992674 0.48272442373158314 0.5534915060192965 0.7380260216323404 0.2586504353515812 0.3882674780099063 1.0 0.0 0 
0.2633089133089133 0.5280911570313744 0.5950944776322323 0.3984923877899571 0.3622384963453384 0.4002773567866902 1.0 0.0 0 
0.11607142857142856 0.370018115942029 0.3432848587436756 0.3717756398840518 0.1255751335516705 0.13581190905031298 0.0 0.0 0 
0.13799603174603176 0.4357056121218683 0.5344530458434752 0.42590558030867975 0.20553090755568482 0.11416291227635465 0.0 0.0 0 
0.11384479717813051 0.40164399092970526 0.5173651694103862 0.5592367955800396 0.2538525169424105 0.35015591836719484 1.0 0.0 0 
0.103505291005291 0.40319865319865317 0.5230181506324669 0.6979565458152095 0.19855208880586267 0.37209805222915676 1.0 0.0 0 
0.32857142857142857 0.5069230769230769 0.5281758178373305 0.22665741761586333 0.17546712226088965 0.34585727661509313 0.0 0.0 0 
0.0 0.0 0.0 0.0 0.0 0.0 1.0 0.0 0 
0.0 0.0 0.0 0.0 0.0 0.0 0.0 0.0 0 
0.05 0.09090909090909091 0.0 0.4123859370900078 0.10713398876977659 0.35975092048832574 0.0 0.0 0 
0.47916666666666674 0.5819088319088319 0.5171508570070368 0.3759658469172338 0.20824783504853664 0.370234035343013 1.0 0.0 1 
0.6666666666666666 0.6666666666666666 0.6666666666666666 0.8357098416001092 0.8185016268753191 0.7446028925591578 1.0 0.0 1 
0.6 0.6 0.6 0.9286613742979656 0.6126569940458679 0.583324844542427 0.0 0.0 0 
0.21999999999999997 0.4831908831908831 0.5282211341364603 0.16840560963952966 0.037862526234294605 0.0 0.0 0.0 0 
0.08333333333333331 0.18860398860398858 0.11668462217097722 0.14513960132218862 0.06895444620244205 0.0 1.0 0.0 0 
0.06746031746031746 0.29769736842105265 0.402223214432039 0.3781758399358921 0.20678680217785186 0.3990569068789771 0.0 0.0 0 
0.12648809523809523 0.48303571428571435 0.625460494749228 0.5892652449401127 0.29508404496806884 0.16509252468843763 1.0 0.0 0 
0.17396335136816948 0.5358166380769314 0.6427654073992037 0.35740913962108056 0.13734141866491653 0.11988102777028446 0.0 0.0 0 
0.28279034843010264 0.6775813811958142 0.7869246069966245 0.2555484726532179 0.08479351466562912 0.3873648104432748 1.0 0.0 0 
0.15509617307523005 0.489636256579262 0.5808318206171545 0.3040618132134354 0.025125075076632242 0.2903135157653011 1.0 0.0 0 
0.36585884353741494 0.6602439227439227 0.7316484982746901 0.6740220303514587 0.2185929108488106 0.3565471556419513 0.0 0.0 0 
0.103125 0.44901315789473684 0.5700396393873938 0.16774415302922097 0.12869973927918296 0.25166048794528045 1.0 0.0 0 
0.0 0.0 0.0 0.0 0.0 0.0 0.0 0.0 0 
0.0 0.0 0.0 0.0 0.0 0.0 0.0 0.0 0 
0.05381614239466925 0.16116357426343028 0.13564278859566692 0.5938497007750944 0.3376324620875006 0.6549275886972042 1.0 0.0 0 
0.08358754884748645 0.30512887468549477 0.3657261059472577 0.533040829285983 0.2645163670100879 0.5507816139627763 0.0 0.0 0 
0.4029761904761905 0.6728174603174604 0.6750893325585484 0.6969115670502741 0.5705127741486482 0.6214754669178799 1.0 0.0 0 
0.46964285714285714 0.7425254312251216 0.7670367824792317 0.7572677022291829 0.5886555238252901 0.6120401605100684 0.0 0.0 0 
0.45138888888888884 0.6994517543859649 0.7355565477653724 0.8089609917390977 0.6410475802618241 0.5269322357331817 1.0 0.0 0 
0.19603174603174603 0.4924650415721844 0.5594354325089079 0.49212626088955236 0.18139696659347634 0.17425464352963302 1.0 0.0 0 
0.20370370370370366 0.47216553287981855 0.5310880502909372 0.7569942292772243 0.5050815342908659 0.18687479629169387 1.0 0.0 0 
0.21296296296296297 0.47063492063492063 0.5811454286753862 0.44674808123220255 0.17934238903089203 0.0821714074059153 1.0 0.0 0 
0.0 0.0 0.0 0.0 0.0 0.0 0.0 0.0 1 
0.0 0.0 0.0 0.0 0.0 0.0 0.0 0.0 0 
0.13339285714285715 0.3900412087912088 0.4800445633405176 0.29601100970163596 0.03663210353325762 0.043989143344296606 1.0 0.0 0 
0.07514880952380952 0.311624649859944 0.3851112602367872 0.4204750763482247 0.15573570378984797 0.3485626974089491 0.0 0.0 0 
0.0 0.0 0.0 0.03020460526263924 0.0 0.0 1.0 0.0 0 
0.0 0.0 0.0 0.07431947757691137 0.017300995756992222 0.0 0.0 0.0 0 
0.0 0.0 0.0 0.5479032432273157 0.23245673039096287 0.08096741833071106 1.0 0.0 0 
0.0 0.0 0.0 0.24544340945587773 0.004448646123859867 0.05493467268479371 1.0 0.0 0 
0.39444444444444443 0.5634920634920635 0.641216310064534 0.2600372802905019 0.07556207760237649 0.08926342761963844 0.0 0.0 0 
0.17638888888888887 0.42841880341880345 0.4654844012580372 0.5313517366064686 0.2309316773968113 0.23927018738023684 1.0 0.0 0 
0.4847222222222223 0.6756127450980391 0.7305687072170184 0.8701363312430567 0.6726760424929787 0.7269182322506997 1.0 0.0 0 
0.08686868686868687 0.2633333333333333 0.3041360116108077 0.46078173238339426 0.09316617471635172 0.29680613174993814 0.0 0.0 1 
0.11681547619047619 0.3478708791208791 0.3867463100390963 0.46720922856419556 0.21015261991864612 0.23682308188056178 0.0 0.0 0 
0.15944940476190475 0.411525974025974 0.3819155803952434 0.6205582385667938 0.35605886794743463 0.1308944985711366 1.0 0.0 0 
0.15833333333333333 0.33333333333333337 0.20436815762880292 0.389087904187138 0.10945915972722776 0.0 0.0 0.0 0 
0.0 0.0 0.0 0.0 0.0 0.036410614801260476 1.0 0.0 0 
0.0 0.0 0.0 0.08998460627292593 0.03615670518614678 0.0 0.0 0.0 0 
0.28888888888888886 0.6296296296296295 0.7636783997069414 0.6937659976491054 0.2660839316187367 0.3849980879225853 1.0 0.0 0 
0.19771825396825396 0.5551282051282052 0.6079673557041106 0.5949721174800385 0.11226361066334338 0.06580948025566932 1.0 0.0 0 
0.0 0.0 0.0 0.3723291536553224 0.08883559099217421 0.17960587951688245 1.0 0.0 1 
0.0 0.0 0.0 0.42409540235277876 0.06432626222661951 0.13831150843835116 0.0 0.0 0 
0.1267361111111111 0.38900560224089636 0.447101585639753 0.6418252239304358 0.21219443805340743 0.29757867866437665 0.0 0.0 1 
0.14930555555555555 0.35457516339869277 0.37868831524398483 0.2844667160952393 0.016472343277236935 0.0 1.0 0.0 0 
0.1750041042032813 0.4171545877252616 0.30205255180872354 0.5243172042282174 0.1024117911957677 0.4130879449196449 1.0 0.0 0 
0.10269704677430976 0.337134489600709 0.37001718556331686 0.5160247773236073 0.1933218044498538 0.343828131021833 1.0 0.0 0 
0.4743686868686869 0.5443589743589743 0.5304082694896078 0.4863642699854491 0.45592175537496493 0.6718074356128041 0.0 0.0 0 
0.03787878787878788 0.06944444444444445 0.036254740412345755 0.3329334752084222 0.0035404761204381537 0.26595558969012556 0.0 0.0 1 
0.0890909090909091 0.29583333333333334 0.3693685302147767 0.34802670358197596 0.03541410297366418 0.3326896675986794 0.0 0.0 0 
0.11836691086691087 0.4599561403508772 0.5836868738887923 0.3739385226274804 0.09203270534508806 0.2545189853388339 0.0 0.0 0 
0.125 0.38807026307026304 0.43207960860115424 0.5113959002404618 0.16242166487915288 0.20756522063031652 1.0 0.0 0 
0.0 0.0 0.0 0.4903688255833085 0.1319820949576718 0.08002883580806996 1.0 0.0 0 
0.0 0.0 0.0 0.4247534731049645 0.09056045741862856 0.13076078731242688 0.0 0.0 0 
0.0 0.0 0.0 0.0 0.0 0.0 0.0 0.0 1 
0.0 0.0 0.0 0.0 0.0 0.0 0.0 0.0 0 
0.2795138888888889 0.5380065359477124 0.5969112548468499 0.6076475909157084 0.33106889829087427 0.4462075604023532 1.0 0.0 0 
0.22722222222222224 0.4395019931049343 0.45332743006336607 0.8671321696023147 0.46505929075419733 0.48175139934801453 1.0 0.0 0 
0.15745701058201056 0.3989455397543633 0.44543338241925945 0.6970879441380088 0.29890798959631654 0.2501873060287023 1.0 0.0 0 
0.22254539442039442 0.5145652958152958 0.6284265739707617 0.8632275709681965 0.47937500790715926 0.5624858030731948 1.0 0.0 0 
0.26894303788243185 0.5770911731696046 0.6235079811589808 0.8664881618435901 0.4686494747782598 0.4705640365853881 1.0 0.0 0 
0.2905864197530864 0.5906162464985995 0.646629743488794 0.7817959694434922 0.27247181918383057 0.49362068860684366 1.0 0.0 0 
0.342581569664903 0.601258309591643 0.6535098337229281 0.6936226301903876 0.3487773210454829 0.5105040986530833 0.0 0.0 0 
0.3088888888888889 0.529856182689 0.5554064539012289 0.554817408686332 0.30229277026174417 0.3764781362700879 1.0 0.0 0 
0.4305555555555556 0.6452813852813852 0.7033920315000678 0.22161617111866505 0.0026245138688787946 0.26539554290672773 1.0 0.0 0 
0.10625000000000001 0.3571428571428571 0.43875896457747227 0.3195835819370416 0.01696430116344962 0.40402827340624453 1.0 0.0 0 
0.36458333333333337 0.525 0.5833333333333333 0.8294666770418588 0.4896757041445246 0.6313841559142331 0.0 0.0 0 
0.03333333333333333 0.1568627450980392 0.15666787641524518 0.5807179442479082 0.3770327272894052 0.48892827673931627 0.0 0.0 0 
0.2339525553811268 0.5411982336794368 0.6346566761717571 0.6656404736981485 0.21636051405094384 0.10999806386456744 1.0 0.0 0 
0.2756998556998557 0.4635660418013359 0.4622228965607572 0.8202041605939832 0.45452141246182637 0.15122029951687546 1.0 0.0 0 
0.10208333333333332 0.3596270396270396 0.3566433778165564 0.7367650958506111 0.2587723104133549 0.3159098181477891 1.0 0.0 0 
0.0 0.0 0.0 0.0 0.0 0.0 0.0 0.0 0 
0.0 0.0 0.0 0.0 0.0 0.0 0.0 0.0 0 
0.08888888888888889 0.33333333333333337 0.4109602590564726 0.28930697325210386 0.03242801164581203 0.09364911939025931 0.0 0.0 0 
0.75 0.75 0.75 0.8248688376349345 0.7023586435797818 0.7558029725944884 0.0 0.0 1 
0.12000000000000001 0.4666666666666667 0.6 0.41193361387190586 0.13841501128164424 0.20184627261611118 0.0 0.0 0 
0.08916666666666667 0.27182072829131654 0.30296194171811586 0.5157752077508246 0.10866853959392139 0.14785400904119625 1.0 0.0 0 
0.11631944444444445 0.281497668997669 0.2368035444446025 0.5812789029559733 0.2365509690482685 0.10157958591155083 0.0 0.0 0 
0.12395833333333334 0.2732406525363182 0.20930438363242662 0.6583416117875377 0.29060821123506964 0.1417935979965132 0.0 0.0 0 
0.12575757575757573 0.30833333333333335 0.358701137698963 0.6350566294950493 0.4731894304988567 0.5943543573080246 0.0 0.0 0 
0.1388888888888889 0.3541666666666667 0.4109602590564726 0.6449229748098689 0.3801779565703301 0.5752900035871589 0.0 0.0 0 
0.7638888888888888 0.7916666666666667 0.7906778000543285 0.997886157506488 0.9806568779378061 0.9168341655365576 0.0 0.0 0 
0.05208333333333333 0.19607843137254902 0.1958348455190565 0.5227804439053053 0.13867941286541777 0.16238048808597333 0.0 0.0 0 
0.07407407407407407 0.2857142857142857 0.2945551681860261 0.2951171918648574 0.08700344119007167 0.3725788337293137 0.0 0.0 0 
