0.0 0.0 0.0 0.0 0.0 0.0 0.0 0.0 0 
0.0 0.0 0.0 0.0 0.0 0.0 0.0 0.0 0 
0.0 0.0 0.0 0.0 0.0 0.0 0.0 0.0 0 
0.0 0.0 0.0 0.0 0.0 0.0 1.0 0.0 0 
0.0 0.0 0.0 0.0 0.0 0.0 0.0 0.0 0 
0.0 0.0 0.0 0.4188329769770054 0.1818486412609005 0.224620109337081 0.0 0.0 0 
0.0 0.0 0.0 0.0 0.0 0.0 0.0 0.0 0 
0.0 0.0 0.0 0.0 0.0 0.0 1.0 0.0 0 
0.75 0.75 0.75 0.7247407099315594 0.6717515661953433 0.758833431110414 0.0 0.0 0 
0.034722222222222224 0.1111111111111111 0.0865164019909352 0.48613856889437934 0.0791561908428955 0.11076151661953622 0.0 0.0 0 
0.1523809523809524 0.47739879168450594 0.5971295605161866 0.7257929588893214 0.26710316732590955 0.34302758057237737 0.0 0.0 0 
0.1360827664399093 0.39761904761904754 0.37867274404729157 0.42456999631473136 0.29283246931089246 0.0503962695861149 1.0 0.0 0 
0.21013888888888888 0.5082142857142857 0.5404255074743228 0.35703698588454746 0.20203405176520983 0.11676326740098829 0.0 0.0 0 
0.20054112554112552 0.42487179487179483 0.36244593364406197 0.5749191270272715 0.23660286853447704 0.3407613603899344 1.0 0.0 0 
0.30068647756896316 0.53867792932739 0.5294563727086697 0.34390899536496633 0.01794739983073747 0.20935629827853178 1.0 0.0 1 
0.2797570720685205 0.5489123643903533 0.6134187508465292 0.5024002018072166 0.08978732615214832 0.4069088989499691 0.0 0.0 0 
0.14656672692974068 0.43668376688749333 0.48987093072410837 0.5248208760830668 0.17452324305091949 0.42432438183931576 1.0 0.0 0 
0.06919642857142858 0.24221611721611722 0.2958358678701072 0.4157093221839596 0.13346643383370557 0.016137213728993117 1.0 0.0 0 
0.16386904761904758 0.4291783216783217 0.49932004155983145 0.30839690734423886 0.06284462668397271 0.1806917371865275 1.0 0.0 0 
0.3283333333333333 0.5651527419948472 0.651082562376599 0.3459988884464995 0.09140488366660639 0.13306157220308398 0.0 0.0 0 
0.16726190476190475 0.46223214285714287 0.5230442393952504 0.4892042100934957 0.15219517958421214 0.22401313175432033 0.0 0.0 0 
0.06832837301587302 0.2649383398464281 0.2929849500959406 0.4010510570395962 0.18414918905114674 0.04765311764081129 0.0 0.0 0 
0.0 0.0 0.0 0.17613702914572227 0.04447262235010921 0.0 0.0 0.0 0 
0.0 0.0 0.0 0.0 0.010842274279197992 0.0 0.0 0.0 0 
0.08224431818181818 0.2562437562437562 0.2419008677447372 0.006817516064301143 0.039475917349116554 0.1198889539906897 0.0 0.0 0 
0.2737202380952381 0.4141921191553544 0.4254729650180503 0.6913902223148888 0.2940926650838997 0.449696518021858 1.0 0.0 0 
0.09159090909090908 0.2402319902319902 0.25505817730450225 0.527963453407289 0.07727188193457925 0.2520868274584617 1.0 0.0 0 
0.3458333333333333 0.5110256410256411 0.49374364976932333 0.7214757014116178 0.5515419105696413 0.37257526683114883 1.0 0.0 1 
0.1567410714285714 0.3051677489177489 0.24665743006338614 0.7160143045368257 0.3512822272172258 0.32838231341586144 1.0 0.0 0 
0.18841765873015873 0.44540043290043296 0.45014842036667213 0.5113009736780953 0.27173315186409536 0.3772198443439827 1.0 0.0 0 
0.1507936507936508 0.5061888111888111 0.6532909883073463 0.45787357305265575 0.1797819669267951 0.3705516929967544 0.0 0.0 0 
0.11454517704517704 0.40080726735138494 0.43237238481583085 0.06060773208968895 0.054218422293663596 0.1894469352196785 1.0 0.0 0 
0.031818181818181815 0.15555555555555556 0.17236676978422794 0.03830467060271614 0.0 0.3296775834616757 1.0 0.0 0 
0.08120039682539683 0.2359375 0.2718265211819868 0.319126223897643 0.11026758445749353 0.38094208900572213 0.0 0.0 0 
0.28331102912646405 0.5391984784986701 0.6082918340430871 0.7131492262318214 0.4711724958903415 0.4949319772879038 0.0 0.0 0 
0.23277635746623365 0.5945091643428089 0.7007610085561033 0.8027228641217413 0.3473862590431044 0.5904044103436544 0.0 0.0 0 
0.14087301587301587 0.5146903205726735 0.6850419983311523 0.007300274003941842 0.023596331600285778 0.22209512069402643 1.0 0.0 1 
0.08928571428571427 0.3125 0.3368728129579293 0.0 0.0 0.2088106420436182 0.0 0.0 0 
0.1806106701940035 0.4091519591519591 0.4603759518371169 0.7445258793709035 0.24372756567028694 0.4709138247392942 1.0 0.0 0 
0.3169973544973545 0.6425605817375682 0.7500965904100685 0.29951937553035823 0.12265814110820339 0.4301095960537911 0.0 0.0 0 
0.375 0.375 0.375 0.23897527971103394 0.11218831164376163 0.26705986775223156 1.0 0.0 0 
0.34523809523809523 0.35714285714285715 0.3419772908894129 0.35677419140435407 0.02538624213657718 0.04914105650416056 1.0 0.0 0 
0.16198968508717498 0.3734262300041459 0.3467723881535271 0.7185480675917885 0.29352028354079635 0.5419215269157912 1.0 0.0 0 
0.5229170542440016 0.735556030696296 0.8080140816863477 0.8989572468280311 0.5711818820613951 0.6973520785038402 1.0 0.0 0 
0.29007634758741074 0.6423994849695959 0.7777028430188698 0.8473510827723121 0.5465147395045777 0.5874690833669044 1.0 0.0 0 
0.28878731062578555 0.5549597997171597 0.6135484324220202 0.8754272015779809 0.5494132036232867 0.657421769270897 1.0 0.0 0 
0.09593253968253967 0.2673611111111111 0.3289978957439355 0.4599755794720328 0.2592082044205859 0.39266477982757453 1.0 0.0 0 
0.26537698412698413 0.4342948717948718 0.48870789646415036 0.36911610734755584 0.1695728386870114 0.3304257373365456 1.0 0.0 1 
0.1316453947380078 0.3031983972123433 0.30505207555268377 0.6009203915805195 0.1864397952941446 0.18117594286624336 1.0 0.0 0 
0.2771821229887097 0.4451687205761248 0.4085572544655433 0.581256143257594 0.22976047749424475 0.14622694137272754 1.0 0.0 1 
0.32335456796067497 0.47684616834368393 0.44946035123465 0.49328391488905676 0.15879180590773337 0.4692328764991911 0.0 0.0 0 
0.08504813128881478 0.3628720268322764 0.38075421602900295 0.013938949593820693 0.04079871228325509 0.017401643136867158 0.0 0.0 0 
0.1875 0.6313725490196078 0.7821911967599908 0.04210170684388559 0.0745622059291987 0.2731668836112636 0.0 0.0 1 
0.08362268518518517 0.26736111111111105 0.29070051208538705 0.20639189845803463 0.0 0.053650832943568774 0.0 0.0 0 
0.14955357142857142 0.40625 0.4235825703607622 0.2020866493315836 0.0606297785147396 0.18686343021887783 1.0 0.0 0 
0.0 0.0 0.0 0.2281148879741255 0.047682567111331314 0.24603026804539072 1.0 0.0 0 
0.15277777777777776 0.23809523809523808 0.09589402415059363 0.29585316580284915 0.12092960080253044 0.173797941029351 0.0 0.0 0 
0.24083353219566522 0.4784257693858128 0.524733313616189 0.4866048070071598 0.25557249907346663 0.33798101772271866 1.0 0.0 0 
0.1600876929596678 0.42701152794186337 0.4492230125624095 0.6178621169499142 0.22247098217307584 0.5045987319467748 1.0 0.0 0 
0.1402286460329397 0.3079949580746856 0.2596611315460471 0.45342400355432 0.11949574108655962 0.4842245694824256 1.0 0.0 0 
0.07743145743145743 0.21101330767997434 0.19385500377765977 0.5366496152377233 0.22160734527330098 0.28141256167877027 1.0 0.0 0 
0.23402116402116402 0.46363543128922047 0.5617757833568526 0.46230329779364 0.16499793052998252 0.1222065327378492 1.0 0.0 0 
0.1805952380952381 0.3973809523809524 0.3446079193651571 0.4811007189460874 0.09097259983994685 0.047472235538543454 1.0 0.0 0 
0.23422619047619048 0.4450279106858054 0.4958394613691782 0.8711220673867454 0.35115874053488183 0.32781836887993837 1.0 0.0 1 
0.039134579140790146 0.06261532662526423 0.0 0.5758709580570976 0.1767492667828185 0.07813407123865106 1.0 0.0 0 
0.0 0.0 0.0 0.4642724745516228 0.1621865174276778 0.0352634973613272 1.0 0.0 0 
0.049999999999999996 0.0875 0.04673598741858292 0.44230082223330913 0.19209550975281686 0.1807436981871871 1.0 0.0 0 
0.0625 0.1111111111111111 0.05268025782891314 0.051109748851855596 0.006246222490731572 0.0 1.0 0.0 0 
0.0 0.0 0.0 0.24525512907935965 0.023354460065479254 0.0 0.0 0.0 0 
0.14 0.49629629629629624 0.6644345519165437 0.5014449693042784 0.04247458969421623 0.2795765482273493 0.0 0.0 0 
0.22123015873015872 0.47568727568727565 0.4258141348447757 0.6568653160845206 0.31510467189203284 0.17666611794656173 1.0 0.0 0 
0.5333333333333333 0.7250000000000001 0.7348181224831302 0.8242763114179761 0.700706839676815 0.5466281979561731 1.0 0.0 0 
0.12566964285714288 0.2907332251082251 0.2565881232053661 0.551002731749084 0.188333218804179 0.150441587204518 0.0 0.0 0 
0.46305555555555555 0.7257440476190476 0.7422575006353879 0.5295565730853571 0.1795033595170955 0.35673471227525977 1.0 0.0 0 
0.17916666666666664 0.4623376623376624 0.4851752210736584 0.6729803599813233 0.32612065808961793 0.24431278095873712 1.0 0.0 0 
0.1001984126984127 0.35354645354645353 0.3663225773735227 0.46776783566527713 0.13030004802128972 0.04926330021284883 1.0 0.0 0 
0.2075774754346183 0.48285233285233287 0.5359514350014308 0.24503458612496587 0.09694679186605092 0.36231753274628425 0.0 0.0 0 
0.23556122448979594 0.5077716727716728 0.5184342101122679 0.7460472909609797 0.37885387245819363 0.4743857690435334 0.0 0.0 1 
0.24694544405661406 0.5606301141685219 0.6153125415338502 0.7598697932358032 0.27888564914922015 0.4479765924234187 1.0 0.0 0 
0.14972536015348814 0.3355245394840153 0.3180561218273703 0.6756628198756826 0.20902170495973596 0.2081825632123323 1.0 0.0 0 
0.29166666666666663 0.4111111111111111 0.33479528671433434 0.7318670249629678 0.3339771025240625 0.3744669389797252 0.0 0.0 0 
0.1063131313131313 0.22190476190476188 0.1599529711402256 0.5739153639213308 0.19101025726172952 0.19896976886481124 1.0 0.0 1 
0.19038690476190476 0.4744047619047619 0.5161139929473684 0.5817641442799497 0.23173065454244005 0.24587083669146578 1.0 0.0 0 
0.16431051587301587 0.5134552947052947 0.637748300270371 0.6077348547432221 0.25106929104069153 0.38039871895478916 1.0 0.0 0 
0.06818181818181818 0.3913043478260869 0.45982835466480665 0.08093410158774983 0.02273789281150426 0.0 0.0 0.0 0 
0.1749768089053803 0.4319311640740212 0.41268236741575715 0.16462953601067576 0.007968333104270307 0.07144636428553273 0.0 0.0 0 
0.07936507936507936 0.14126984126984127 0.03386588003287273 0.6240728554584448 0.2484219615743029 0.2814956168283876 1.0 0.0 0 
0.0 0.0 0.0 0.7471624069442246 0.3132774224053628 0.30069932358773005 1.0 0.0 0 
0.20982142857142858 0.313510101010101 0.3191955982442736 0.7985141073171022 0.30880412513913713 0.31255321650531587 1.0 0.0 0 
0.35 0.4497863247863248 0.40713869761933985 0.7403740444334433 0.29535216907964484 0.31311242039081133 1.0 0.0 0 
0.23958333333333331 0.5134615384615384 0.4925009073114338 0.6881661240486574 0.3730771678323447 0.28116220029832883 1.0 0.0 1 
0.09697420634920634 0.30558793058793055 0.27002259876214324 0.45196853882883437 0.25124678043883825 0.23466843308604632 1.0 0.0 0 
0.07314814814814814 0.22008547008547008 0.18300800532970174 0.11267348521156029 0.10253448708799358 0.4274113286318048 1.0 0.0 0 
0.15185185185185185 0.4555555555555555 0.5100451324485937 0.01032005174652495 0.041145285564976715 0.0 0.0 0.0 0 
0.0873015873015873 0.31921253349824774 0.37545370320762583 0.13196604305787107 0.0 0.16174611167029107 1.0 0.0 0 
0.15339506172839507 0.3828447566542804 0.4451106632548927 0.3500213548669062 0.2247456210302502 0.47639930421671584 1.0 0.0 0 
0.10717592592592592 0.3747014831573655 0.4478660699911249 0.2749615946072619 0.1030250106419114 0.3221636176762638 1.0 0.0 0 
0.24196428571428572 0.5721551998725911 0.6337923718686505 0.2983706066823022 0.10077435323190433 0.3341441154864026 0.0 0.0 0 
0.14568027210884354 0.42660910518053374 0.45935987317016536 0.453151710717993 0.13880480802080253 0.3057684177569209 0.0 0.0 0 
0.06091575091575092 0.23404761904761903 0.25309303260781413 0.2515864509383463 0.05289941808039673 0.15163600463214394 1.0 0.0 0 
0.1484848484848485 0.5032679738562091 0.6378828916417045 0.30835915355655663 0.11077503784359491 0.0881461609294933 0.0 0.0 0 
0.13194444444444442 0.5008558979147214 0.6070628463761867 0.41281840445269136 0.09215194475078989 0.1223573731654677 0.0 0.0 0 
0.15024249199864684 0.46784782127419366 0.4944890372820666 0.4476191948924795 0.18630603193839523 0.3137298410163523 0.0 0.0 0 
0.13511849929952272 0.36551682870146274 0.3497492139831333 0.4450695573571115 0.16600999635706898 0.2695958087229683 1.0 0.0 0 
0.16365740740740742 0.45694444444444443 0.47633671138999645 0.28077895647056095 0.1409279674447439 0.25202740920575134 0.0 0.0 0 
0.2130892255892256 0.3725694444444444 0.35584245049770447 0.6941983075994992 0.3915540586102798 0.266838737716013 1.0 0.0 0 
0.3804112554112554 0.5931372549019608 0.6261099811027592 0.8249273649667762 0.6637554441859544 0.5073881626239997 1.0 0.0 0 
0.4472222222222222 0.7523088023088023 0.8447089638100382 0.46510259569265 0.38325888846138445 0.48846087929208415 1.0 0.0 0 
0.20717592592592593 0.6931859076595919 0.8919663208960691 0.14535937076838956 0.07707022077091143 0.18530157223449695 1.0 0.0 0 
0.16666666666666666 0.375 0.4904146265058631 0.34703167222780884 0.20605537967176626 0.34632214934936567 0.0 0.0 0 
0.05952380952380952 0.16666666666666669 0.14861455997447184 0.38221297256373266 0.13637837340770265 0.3062621614790924 0.0 0.0 0 
0.045349093960159896 0.17517119521157173 0.18485377430907937 0.5791196549736384 0.14207900304739035 0.08216258001723024 0.0 0.0 0 
0.23793373793390055 0.5918942803287036 0.7054614192598985 0.7990931598182431 0.30953310897953645 0.14623318495709256 1.0 0.0 0 
0.203125 0.30625 0.16182116575412675 0.027331980541381418 0.0 0.0 1.0 0.0 1 
0.0 0.0 0.0 0.0 0.0 0.0006793996738262646 1.0 0.0 0 
0.0 0.0 0.0 0.3189438073757911 0.06094184283489228 0.13428016164140075 1.0 0.0 0 
0.0 0.0 0.0 0.4890371986040736 0.14887821933128662 0.02237919825090878 0.0 0.0 0 
0.12753636337394525 0.29406413268161224 0.28847640490590876 0.4517608057909799 0.1690118793671141 0.11471067071449845 0.0 0.0 0 
0.0 0.0 0.0 0.3806950216762267 0.09820073196998083 0.10681956668045074 0.0 0.0 1 
0.0 0.0 0.0 0.28518703098708675 0.029628924845249014 0.036954553396112796 0.0 0.0 0 
0.15046296296296297 0.44191919191919193 0.5016553351358066 0.2735586826992925 0.05091513954556814 0.20288828893270464 0.0 0.0 0 
0.04166666666666667 0.14492753623188406 0.14368353595488728 0.11695213752698652 0.0 0.08971826822186707 0.0 0.0 0 
0.06445406445406446 0.27314814814814814 0.3405727375239539 0.12152493580962309 0.0409087876326386 0.0 0.0 0.0 0 
0.10565476190476189 0.3597008547008547 0.43676377197428307 0.3345072519821176 0.08117126815092687 0.12812305285336595 0.0 0.0 0 
0.11964285714285713 0.43066933066933066 0.5609547719644101 0.25335578975421746 0.06692809251840684 0.19619525827175213 1.0 0.0 0 
0.05949074074074074 0.26958020050125314 0.3016287499781099 0.18509302868162614 0.013075188735282874 0.0 0.0 0.0 0 
0.1215232683982684 0.40613553113553114 0.4246141110389767 0.5268025934820013 0.1577461077344395 0.3156041960816914 0.0 0.0 0 
0.1115079365079365 0.19552005012531326 0.1099608776674785 0.5976221438426008 0.14671547634071092 0.21205620279348555 1.0 0.0 0 
0.0625 0.10714285714285714 0.050074272234195985 0.1583126645347659 0.05245625788968858 0.06344073302248321 0.0 0.0 0 
0.1784606266749124 0.5609393757503002 0.6615976491017623 0.311643726635048 0.19942215684748527 0.4668490103045423 0.0 0.0 0 
0.2719035594035594 0.5625815958412155 0.6442708247290403 0.6878005237749144 0.2782732133634827 0.2911839507805775 1.0 0.0 0 
0.28148148148148144 0.5624166618214237 0.6499766910239162 0.8295950442592072 0.45711704439068096 0.5269787223130389 1.0 0.0 0 
0.4336734693877551 0.6998441043083901 0.7926110197866607 0.7299385810456112 0.49721498919898355 0.4540824222867918 1.0 0.0 0 
0.5238927738927739 0.7272263450834879 0.7264371056515553 0.6004112433561888 0.2538463762065558 0.4516126850011397 0.0 0.0 0 
0.23225881261595543 0.4540370343941772 0.4947573300135253 0.7305212948115178 0.5281908636831039 0.44689273121445444 1.0 0.0 0 
0.2574008539636262 0.44321041182712234 0.48551119368084306 0.7968253950495756 0.4042619634376177 0.5451824645772636 1.0 0.0 0 
0.13213001455350057 0.48816700836095606 0.6741902699968068 0.3199522945061135 0.02324993027085025 0.0 1.0 0.0 0 
0.10416666666666666 0.41666666666666663 0.5295611627420023 0.22817691779658367 0.027176456935130575 0.0 0.0 0.0 0 
0.10238095238095238 0.31894282188399836 0.29474091832429433 0.14343614301037455 0.035767342155951676 0.14184748766545646 1.0 0.0 0 
0.23958333333333331 0.6022536287242168 0.621153209328361 0.22929138799769677 0.12420481816372261 0.2980126026508799 1.0 0.0 0 
0.24357142857142858 0.5567614987351829 0.5967880038069977 0.4856078417893115 0.17693331937467352 0.5337172210960015 1.0 0.0 0 
0.26203703703703696 0.5208333333333333 0.47717436955922377 0.6054358164879553 0.24375674323438487 0.40671012779169347 0.0 0.0 0 
0.19196576772165497 0.4234890072142915 0.40580559816837336 0.6668972445553019 0.36531974492694674 0.45500107567028625 0.0 0.0 0 
0.10189652332604657 0.3565384491453195 0.3968824353791638 0.5855931348096839 0.3228359098652253 0.48681521996880395 1.0 0.0 0 
0.0808080808080808 0.34099264705882354 0.34058894945876106 0.05812904885769954 0.014623420158320062 0.171166712822795 1.0 0.0 1 
0.20781249999999998 0.5355949197860963 0.6417819578414692 0.2539707356041324 0.14116327154337083 0.29892792354349296 0.0 0.0 0 
0.10416666666666667 0.3423076923076923 0.38989528906496923 0.3719032671189171 0.29633250093792024 0.08732005828453378 1.0 0.0 1 
0.09027777777777778 0.24999999999999997 0.2056736220899699 0.15857766508165017 0.02391126081092098 0.26837090651552364 0.0 0.0 0 
0.0 0.0 0.0 0.12593073034979652 0.0 0.027508279852851397 0.0 0.0 1 
0.0 0.0 0.0 0.0 0.01290848254163821 0.0 0.0 0.0 0 
0.0625 0.2 0.15572952358368336 0.06029436837365254 0.0800403165300966 0.0 0.0 0.0 0 
0.12698412698412698 0.3857142857142857 0.39925384810888576 0.5033418334697818 0.06590406190180557 0.12257239246939046 1.0 0.0 0 
0.20833333333333331 0.5546218487394958 0.5 0.1515929445275368 0.0910264100477466 0.22965606417015347 0.0 0.0 0 
0.046296296296296294 0.1388888888888889 0.11986753018824203 0.24951660859425961 0.13679843251876342 0.45263309465997353 1.0 0.0 1 
0.1111111111111111 0.3636363636363636 0.3835760966023745 0.005595104423489872 0.0 0.05909411557694439 1.0 0.0 0 
0.06353858851420568 0.2990051224197915 0.29863367198828084 0.0 0.0 0.04011772890292137 0.0 0.0 0 
0.02964506808785053 0.12846196171401897 0.125413199836552 0.24362835305977226 0.08608676305384465 0.2195343218737942 1.0 0.0 1 
0.032051282051282055 0.1388888888888889 0.13559266684776167 0.2798890014156743 0.08981741057254754 0.1047248417566882 0.0 0.0 1 
0.15277777777777776 0.38888888888888884 0.4013242681086453 0.5260346629079042 0.2166312805720027 0.19360596333628738 1.0 0.0 0 
0.10970278810249777 0.32169657156349896 0.28399261473347603 0.48018434783039543 0.18947732286803443 0.5854636460020974 1.0 0.0 0 
0.17021470345932652 0.5229480288645912 0.5796563470227969 0.25447608333970395 0.1439622486735148 0.47955462296828716 1.0 0.0 0 
0.049783549783549784 0.1913377192982456 0.18320875885021692 0.022077390740703473 0.07039361793552773 0.0 1.0 0.0 0 
0.3888888888888889 0.4375 0.4469205181129452 0.024647414035529946 0.05371003249995178 0.0 0.0 0.0 0 
0.2965277777777777 0.7474587912087912 0.8613104472886409 0.6772919042387534 0.24805481307920316 0.16472646310833533 1.0 0.0 0 
0.15344680571953298 0.46899842581660767 0.5725319004553513 0.5345915318332449 0.13090020407437317 0.0 0.0 0.0 0 
0.05916469893742621 0.19881330790421697 0.17924894208051628 0.5600252136966825 0.10417789670750721 0.15853275251386503 0.0 0.0 0 
0.06597222222222222 0.22997835497835495 0.28772153133708583 0.3372199464569461 0.0 0.0 0.0 0.0 0 
0.13978174603174603 0.38548881673881674 0.455179484312706 0.2423086475101317 0.043023750679278314 0.1373075992098137 1.0 0.0 0 
0.1896028079063793 0.44005102040816324 0.4550640364075187 0.6393015639711557 0.3194599746951379 0.11100505215903685 1.0 0.0 0 
0.205 0.4493522408963585 0.484939768148604 0.6424150061425337 0.29465550663603846 0.24149470023180966 0.0 0.0 0 
0.38 0.4474358974358974 0.4616630794170788 0.8858436823955268 0.7576023515164216 0.5795777622326294 0.0 0.0 1 
0.0 0.0 0.0 0.0 0.0 0.0 0.0 0.0 1 
0.0 0.0 0.0 0.0 0.0 0.0 0.0 0.0 0 
0.0 0.0 0.0 0.25430591585187956 0.12140618721990026 0.0 0.0 0.0 0 
0.0 0.0 0.0 0.18983367471073676 0.12485584795815308 0.4651434445212934 0.0 0.0 0 
0.06796809632944087 0.30731292517006803 0.3278373044267102 0.031959895022287466 0.06815392369686149 0.055651535542345844 0.0 0.0 0 
0.0 0.0 0.0 0.0 0.0 0.0 0.0 0.0 0 
0.0 0.0 0.0 0.0 0.0 0.0 0.0 0.0 0 
0.2326923076923077 0.5138095238095238 0.5095158053692002 0.6143771166851821 0.2309385963035129 0.2744635807024164 1.0 0.0 0 
0.21818535422352375 0.5645822407797038 0.6653824503691821 0.701075508471432 0.19380052191709118 0.44573969316807216 0.0 0.0 0 
0.36445793980945856 0.6500752229657293 0.7232245440175821 0.5838588964962392 0.2412326723687741 0.43065083715630464 1.0 0.0 0 
0.1292346711619658 0.426107177355149 0.5261460786222268 0.02992881801479974 0.0 0.0 1.0 0.0 0 
0.09523809523809523 0.3516483516483517 0.39608410317711157 0.14220855012342892 0.13419326189823116 0.0 0.0 0.0 0 
0.0 0.0 0.0 0.33624315296942964 0.16778649284976024 0.0 1.0 0.0 0 
0.0 0.0 0.0 0.5497700080060623 0.04565246549416541 0.06182480120367774 0.0 0.0 0 
0.2347222222222222 0.5439659755449229 0.5569893413816385 0.7900854194410672 0.34886186734302754 0.3836164508061885 0.0 0.0 0 
0.7333333333333334 0.75 0.7287682072451781 0.9722294673456198 0.8620676797803047 0.842581506987273 1.0 0.0 0 
0.0 0.0 0.0 0.5973600613825829 0.2657796616264351 0.3542744887113963 1.0 0.0 0 
0.05555555555555555 0.2222222222222222 0.2824326201290679 0.20000303219608984 0.17230271524317167 0.22714237881579807 1.0 0.0 0 
0.3822916666666667 0.5272435897435899 0.4760328393567983 0.9226612875912736 0.7060968423388013 0.7261557787715588 0.0 0.0 0 
0.17410714285714285 0.3833333333333333 0.3227196109864733 0.45118842807528237 0.21925670271342992 0.2814269857675783 0.0 0.0 0 
0.20833333333333331 0.505050505050505 0.5285463856097946 0.35427063900355515 0.1070788835366971 0.03954103968872503 0.0 0.0 0 
0.15000000000000002 0.5357142857142857 0.75 0.0788160912993493 0.0005937326439351509 0.0 0.0 0.0 0 
0.2 0.7142857142857143 1.0 0.06378604840139901 0.0 0.12135141174922717 1.0 0.0 1 
0.0625 0.23809523809523808 0.23937015766006614 0.5194993342328585 0.19924223150651318 0.23541087376452038 0.0 0.0 0 
0.14772727272727273 0.26190476190476186 0.1676685811769717 0.11418836292797763 0.0 0.0 1.0 0.0 1 
0.18011363636363636 0.39980607627666453 0.32322660188705576 0.1200826722591426 0.02591593576912258 0.1308157810470141 0.0 0.0 0 
0.34895833333333337 0.6481092436974789 0.6844754657287546 0.6670728132291288 0.2837589303876919 0.505839991634212 1.0 0.0 0 
0.1601190476190476 0.4070494864612512 0.4883647259012245 0.39919060265641504 0.07661669671098854 0.42691116725205563 1.0 0.0 0 
0.28095238095238095 0.48918367346938774 0.5185999003906925 0.3510176681629742 0.10485408520731375 0.2713459809306661 0.0 0.0 0 
0.0875 0.40636254501800717 0.4951051289713895 0.19889789803076374 0.0332762763713679 0.23070276006247595 1.0 0.0 0 
0.0 0.0 0.0 0.002823763900235088 0.02348964791283113 0.0 0.0 0.0 0 
0.0 0.0 0.0 0.009418284436438107 0.05057300306427421 0.0 0.0 0.0 1 
0.0 0.0 0.0 0.33271245500932856 0.08321502265344687 0.1506926205554147 0.0 0.0 0 
0.08314732142857142 0.2594133807369101 0.2911171405924162 0.5382803208575909 0.16287742483162607 0.20917712163297314 0.0 0.0 0 
0.11999591503267973 0.3022539143862673 0.24927772472100196 0.6234663856431388 0.30654020721147135 0.486573333528158 0.0 0.0 0 
0.11329816017316019 0.32593482905982907 0.25860907379132525 0.22958240231789728 0.1254809443567594 0.08734665322528962 0.0 0.0 1 
0.19973214285714283 0.5712748488723552 0.6470525226586732 0.38636972345900067 0.13577632890780691 0.25101959396336204 1.0 0.0 0 
0.20333333333333334 0.44337606837606836 0.3984752416169526 0.49182052243432717 0.1093361659286455 0.1316211628469346 1.0 0.0 0 
0.2497874149659864 0.5372187336473051 0.5386921575626402 0.6160083829153249 0.21035250471478265 0.10713855890869002 0.0 0.0 0 
0.1653628117913832 0.45171957671957674 0.489043877069934 0.5755659742161559 0.18687942935931812 0.18348451877943592 0.0 0.0 0 
0.1125 0.4004629629629629 0.5049526854839025 0.5971866495271309 0.2166913212125803 0.25943367430818 1.0 0.0 0 
0.10124132698394304 0.3775199971652744 0.4728688628696473 0.673791963335897 0.18146260503943806 0.4155930654277749 0.0 0.0 1 
0.20723274910821954 0.5092047699787086 0.5530504287306086 0.5473941271988498 0.1749410618694336 0.06195958296227612 1.0 0.0 0 
0.0 0.0 0.0 0.13203314548833334 0.005154147456381187 0.0 0.0 0.0 1 
0.0 0.0 0.0 0.08072397996973668 0.03536719507035068 0.2096740763253269 1.0 0.0 1 
0.11921296296296297 0.40584415584415584 0.42383204049275036 0.0557676035379322 0.0 0.0 0.0 0.0 1 
0.0 0.0 0.0 0.0603755539532469 0.04254482844517457 0.0 0.0 0.0 0 
0.07500000000000001 0.30000000000000004 0.25235417746590966 0.21194550881145235 0.017993528142019162 0.18784337324448624 0.0 0.0 0 
0.3194444444444444 0.624875124875125 0.6250198689059103 0.3624501517577503 0.08084205552873949 0.4326082027187486 1.0 0.0 1 
0.0 0.0 0.0 0.0 0.0 0.0 1.0 0.0 1 
0.0 0.0 0.0 0.0 0.0 0.0 0.0 0.0 0 
0.0625 0.19230769230769232 0.15072628551055506 0.0 0.0 0.0 1.0 0.0 0 
0.09523809523809523 0.3333333333333333 0.35933100048845795 0.0 0.0 0.0 0.0 0.0 0 
0.1597222222222222 0.3856837606837607 0.43519365970509716 0.45119178774144686 0.159841774807669 0.46368203767939703 1.0 0.0 0 
0.2388392857142857 0.5344655344655345 0.584247054196459 0.3294249812104433 0.10230061341230527 0.21529318054028873 0.0 0.0 0 
0.31160714285714286 0.4613636363636363 0.45431069086350734 0.3609642971073306 0.1658285059144061 0.18975394970991893 1.0 0.0 0 
0.09166666666666666 0.31405228758169934 0.34989486112823254 0.2732305851655328 0.07446002937923638 0.2772187423150333 1.0 0.0 0 
0.1037037037037037 0.3842592592592593 0.4869780786387405 0.3806207753287898 0.05603156397481282 0.21439675754742069 0.0 0.0 0 
0.23888888888888887 0.6227106227106227 0.7068603428028147 0.24604615893505777 0.06962948333008258 0.06602219952649076 0.0 0.0 0 
0.09074074074074073 0.35238095238095235 0.3570040764262612 0.353359473860419 0.09060677556853351 0.2748554558057789 0.0 0.0 0 
0.06549873737373738 0.23263125763125764 0.2187035409126404 0.34446371663257325 0.04240165026455264 0.06933437202491669 0.0 0.0 0 
0.0 0.0 0.0 0.43726146548860845 0.05496433914383883 0.20188463957860936 0.0 0.0 0 
0.0 0.0 0.0 0.0609813355754969 0.023423036871449497 0.19081865217575858 1.0 0.0 0 
0.0 0.0 0.0 0.24469968581847779 0.0 0.13230786451139512 0.0 0.0 1 
0.15625 0.25 0.0 0.1930895253868814 0.12343990809376111 0.052475883567889396 0.0 0.0 0 
0.0 0.0 0.0 0.23060899022804726 0.06528173739877247 0.0 0.0 0.0 1 
0.0 0.0 0.0 0.4196909329851721 0.10666935620210308 0.0 0.0 0.0 0 
0.05555555555555556 0.15384615384615385 0.11124061052996523 0.12742779913276525 0.0957320987249431 0.0782953891651206 1.0 0.0 0 
0.78125 0.85 0.875 0.22513638080562348 0.22721998715046898 0.5196497851993293 0.0 0.0 0 
0.10185185185185185 0.31324786324786325 0.3588825137203707 0.3752480030763049 0.19678453593128475 0.2696475653171475 0.0 0.0 1 
0.08231120731120732 0.3095238095238095 0.35857344931024265 0.3812415797352139 0.17313954927725317 0.48027364997158356 0.0 0.0 0 
0.0 0.0 0.0 0.0 0.0 0.0 1.0 0.0 0 
0.0 0.0 0.0 0.0 0.0 0.0 0.0 0.0 0 
0.15625 0.44999999999999996 0.4844621668636127 0.514481666515204 0.18002470233562864 0.18550753696752814 0.0 0.0 0 
0.13611111111111113 0.41668831168831166 0.5193147180559945 0.5037992115272734 0.1057173078827176 0.2342555409810137 0.0 0.0 0 
0.2785714285714285 0.5780519480519482 0.5037730598921724 0.5450942698559875 0.20407226354361904 0.5773549570941285 0.0 0.0 0 
0.12989436541467825 0.3207847949874889 0.39603436753092824 0.3365837854223708 0.15720592004692982 0.26905004292329293 0.0 0.0 0 
0.0 0.0 0.0 0.0 0.0 0.0 1.0 0.0 0 
0.0 0.0 0.0 0.0 0.0 0.0 0.0 0.0 0 
0.08928571428571427 0.3125 0.3368728129579293 0.12003889296707682 0.04848932366630731 0.05500808806906697 1.0 0.0 1 
0.15 0.24000000000000002 0.10939293407637275 0.0924703062840373 0.06601827502741255 0.2735557767932236 0.0 0.0 0 
0.0440909090909091 0.0803030303030303 0.03786477916174262 0.49349202414904214 0.11304234367081074 0.19825032001265774 1.0 0.0 1 
0.0 0.0 0.0 0.34090837682882613 0.1175408318515898 0.18170399773234175 0.0 0.0 0 
0.0 0.0 0.0 0.4006809699536158 0.07830355934085648 0.0961655694266673 0.0 0.0 0 
0.08333333333333333 0.13333333333333333 0.0 0.5561424888331741 0.2054189689587281 0.19514879748796057 1.0 0.0 0 
0.2152777777777778 0.35000000000000003 0.16308129650992254 0.5363480390161498 0.3088364202428215 0.059230125213569365 1.0 0.0 0 
0.11666666666666667 0.2916666666666667 0.2741687837266791 0.3070786665305558 0.1063982390224274 0.0 1.0 0.0 0 
0.09780092592592593 0.24738986503692387 0.19281731451626272 0.36571099052130007 0.14905084013758862 0.2171134977667334 0.0 0.0 0 
0.06944444444444445 0.26785714285714285 0.2761454701743995 0.2826468381379975 0.2772893108236632 0.21440499819911538 1.0 0.0 1 
0.08333333333333333 0.3214285714285714 0.33137456420927935 0.03855124145765754 0.0 0.0 0.0 0.0 0 
0.0 0.0 0.0 0.22492432787138839 0.08726931771818937 0.0 0.0 0.0 0 
0.0 0.0 0.0 0.13730688191738327 0.029945237307868754 0.0 0.0 0.0 0 
0.05957792207792208 0.217032967032967 0.23357730934420834 0.3539846872366612 0.18114788234639756 0.18279820877289832 1.0 0.0 0 
0.3392255892255892 0.4801587301587301 0.4843665947907374 0.8359216100432176 0.8186022234091913 0.6094574525707649 1.0 0.0 0 
0.0 0.0 0.0 0.0 0.0 0.0 0.0 0.0 0 
0.0 0.0 0.0 0.0 0.0 0.0 0.0 0.0 0 
0.3397516835016835 0.4591630591630592 0.4183749171705321 0.7709415480180405 0.5855960367355186 0.5418236241022844 1.0 0.0 0 
0.2958041958041958 0.4097222222222222 0.40561586473879846 0.7781894845624588 0.523524190332677 0.5282719325327316 0.0 0.0 0 
0.08611111111111112 0.3378267973856209 0.4303832791683453 0.5469368229447131 0.2204867397124906 0.4301490034688349 1.0 0.0 0 
0.053703703703703705 0.2309941520467836 0.24387590037600312 0.46558893491069475 0.1510848696044996 0.12324098783357244 0.0 0.0 0 
0.056944444444444436 0.2239316239316239 0.26649260691407073 0.6042562276583039 0.13343077410725432 0.0 1.0 0.0 0 
0.0925 0.16293290043290043 0.10236624955831194 0.4733402228583766 0.08359975438614943 0.1731522763209331 1.0 0.0 0 
0.03303571428571428 0.15476190476190477 0.1494370965504013 0.06786619743472899 0.0 0.06713485947077218 0.0 0.0 1 
0.08928571428571427 0.359375 0.44475359012734716 0.10060076441563992 0.0 0.19819351489959247 0.0 0.0 0 
0.1800595238095238 0.5110479797979798 0.6006812507007545 0.5220003526030252 0.2290304837644156 0.3904767806452189 0.0 0.0 0 
0.49893162393162394 0.6968864468864469 0.7178293205922641 0.657751678658402 0.49239623754968426 0.3215014340005801 0.0 0.0 0 
0.125 0.25 0.12617708873295486 0.5056063520234765 0.1339009803863021 0.2565017850661452 0.0 0.0 0 
0.17222222222222222 0.29166666666666663 0.22099166299510897 0.6710123104641001 0.22497981264327419 0.30245042905137065 1.0 0.0 0 
0.10714285714285715 0.175 0.04451046420817421 0.3232389725206132 0.04509224843241338 0.027356455473721973 1.0 0.0 0 
0.12291666666666665 0.3420745920745921 0.3792731793219304 0.2567243497744436 0.06566859589500985 0.17372679443971054 1.0 0.0 0 
0.041666666666666664 0.07500000000000001 0.039510193371684856 0.317555608511894 0.22588848487640478 0.39683480972761814 0.0 0.0 0 
0.0 0.0 0.0 0.22339447176999272 0.12853190274131776 0.2507943101497785 0.0 0.0 0 
0.0 0.0 0.0 0.0 0.0 0.0 0.0 0.0 0 
0.0 0.0 0.0 0.0 0.0 0.0 0.0 0.0 1 
0.0 0.0 0.0 0.5491668819471022 0.14230729084116037 0.11697839363438142 1.0 0.0 1 
0.08333333333333333 0.35565476190476186 0.4599739355868525 0.62843852750397 0.21153937345022866 0.08213765434902355 1.0 0.0 1 
0.15555555555555556 0.4571428571428572 0.5526802578289132 0.28065268360462403 0.0 0.10958766014068078 0.0 0.0 0 
0.0625 0.23076923076923078 0.2209163761395196 0.3110045315540153 0.057346950213022746 0.2784796545231328 0.0 0.0 1 
0.0 0.0 0.0 0.3071669667946104 0.061291536392174474 0.2759872682290981 0.0 0.0 0 
0.0 0.0 0.0 0.36873945518675 0.058269862677175606 0.6117978215319242 0.0 0.0 0 
0.09375 0.2727272727272727 0.18087154261266608 0.17552393361152452 0.12048143877656237 0.08869832282828571 0.0 0.0 0 
0.0625 0.23529411764705882 0.2350018146228678 0.6371772301343666 0.2504407122149144 0.09996854472875912 0.0 0.0 0 
1.0 1.0 1.0 1.0 1.0 1.0 0.0 0.0 0 
0.75 0.75 0.75 0.33968923279946406 0.44072227854874335 0.5846682937918622 0.0 0.0 0 
0.09970238095238095 0.4239583333333333 0.5394643028395367 0.2876725537865352 0.1860518693295563 0.12471354464633312 0.0 0.0 0 
