0.25126262626262624 0.6534188034188034 0.12620325016725986 0.6919249830212002 0.016445402855582856 0.2862684596786873 0 0 0 
0.11038961038961038 0.3254901960784314 0.15639368704481815 0.29202036269825965 0.14876783212441447 0.09521768245420346 0 0 0 
0.0 0.0 0.0 0.0 0.0 0.0 0 0 0 
0.0 0.0 0.0 0.0 0.0 0.0 0 0 0 
0.0 0.0 0.0 0.0 0.0 0.0 0 0 0 
0.0 0.0 0.0 0.0 0.0 0.0 0 0 0 
0.0 0.0 0.0 0.0 0.0 0.0 0 0 0 
0.0 0.0 0.0 0.0 0.0 0.0 0 0 0 
0.0 0.0 0.0 0.0 0.0 0.0 0 0 0 
0.0 0.0 0.0 0.0 0.0 0.0 0 0 0 
0.0 0.0 0.0 0.0 0.0 0.0 0 0 0 
0.0 0.0 0.0 0.0 0.0 0.0 0 0 0 
0.0 0.0 0.0 0.0 0.0 0.0 0 0 0 
0.0 0.0 0.0 0.0 0.0 0.0 0 0 0 
0.0 0.0 0.0 0.0 0.0 0.0 0 0 0 
0.0 0.0 0.0 0.0 0.0 0.0 0 0 0 
0.0 0.0 0.0 0.0 0.0 0.0 0 0 0 
0.09074074074074073 0.35615079365079366 0.45343677717242337 0.41852032041580955 0.062001655995692344 0.20592085740874067 1 0 0 
0.0 0.0 0.3388310616307826 0.0 0.015729953378697207 0.09733795789716375 1 0 0 
0.20185185185185184 0.6126559714795009 0.003655562086152364 0.6965780813019247 0.0 0.23423947271584108 1 0 0 
0.1257936507936508 0.4824414715719063 0.08499247207280047 0.5289559915120462 0.0417359238368016 0.06270323323830838 1 0 0 
0.0 0.0 0.08499247207280047 0.0 0.0417359238368016 0.06270323323830838 1 0 0 
0.0 0.0 0.37102553041460495 0.0 0.09291793423851612 0.08984768511730666 0 0 0 
0.07407407407407407 0.26666666666666666 0.02599528153559527 0.24979563296094046 0.01983893027738935 0.08140935330131287 0 0 0 
0.125 0.4112554112554112 0.14833636955003404 0.3835219340610104 0.043299710086798955 0.0 0 0 0 
0.0 0.0 0.14833636955003404 0.0 0.043299710086798955 0.0 0 0 0 
0.0 0.0 0.0 0.0 0.0 0.0 0 0 0 
0.0 0.0 0.0 0.0 0.0 0.0 0 0 0 
0.0 0.0 0.393342828337486 0.0 0.0 0.3113293979912635 0 0 0 
0.0 0.0 0.393342828337486 0.0 0.0 0.3113293979912635 0 0 0 
0.0 0.0 0.0 0.0 0.0 0.0 0 0 0 
0.0 0.0 0.0 0.0 0.0 0.0 0 0 0 
0.09090909090909091 0.5454545454545454 0.018411125535955808 0.6931471805599453 0.0031131318124101243 0.15631607118480845 1 0 0 
0.0 0.0 0.018411125535955808 0.0 0.0031131318124101243 0.15631607118480845 1 0 0 
0.0 0.0 0.0 0.0 0.0 0.0 1 0 0 
0.0 0.0 0.0 0.0 0.0 0.0 1 0 0 
0.0 0.0 0.0 0.0 0.0 0.0 1 0 0 
1.0 1.0 1.0 1.0 1.0 1.0 1 0 0 
0.0 0.0 0.0 0.0 0.0 0.0 1 0 0 
0.0 0.0 0.0 0.0 0.0 0.0 1 0 0 
0.0 0.0 0.0 0.0 0.0 0.0 1 0 0 
0.0 0.0 0.0 0.0 0.0 0.0 1 0 0 
0.0 0.0 0.0 0.0 0.0 0.0 0 0 0 
0.0 0.0 0.0 0.0 0.0 0.0 0 0 0 
0.0 0.0 0.0 0.0 0.0 0.0 0 0 0 
0.0 0.0 0.0 0.0 0.0 0.0 0 0 0 
0.20833333333333331 0.5 0.22472421080263616 0.625 0.06018844811452379 0.23134862323504587 0 0 0 
0.0 0.0 0.0 0.0 0.0 0.0 0 0 0 
0.0 0.0 0.0 0.0 0.0 0.0 0 0 0 
0.0 0.0 0.0 0.0 0.0 0.0 0 0 0 
0.0 0.0 0.0 0.0 0.0 0.0 0 0 0 
0.0 0.0 0.0 0.0 0.0 0.0 0 0 0 
0.0 0.0 0.0 0.0 0.0 0.0 0 0 0 
0.0 0.0 0.0 0.0 0.0 0.0 0 0 0 
0.0 0.0 0.0 0.0 0.0 0.0 0 0 0 
0.0 0.0 0.0 0.0 0.0 0.0 0 0 0 
0.0 0.0 0.0 0.0 0.0 0.0 0 0 0 
0.0 0.0 0.0 0.0 0.0 0.0 0 0 0 
0.0 0.0 0.0 0.0 0.0 0.0 0 0 0 
0.0 0.0 0.0 0.0 0.0 0.0 0 0 0 
0.0 0.0 0.0 0.0 0.0 0.0 0 0 0 
0.0 0.0 0.0 0.0 0.0 0.0 0 0 0 
0.0 0.0 0.0 0.0 0.0 0.0 0 0 0 
0.0 0.0 0.0 0.0 0.0 0.0 0 0 0 
0.0 0.0 0.0 0.0 0.0 0.0 0 0 0 
0.0 0.0 0.0 0.0 0.0 0.0 0 0 0 
0.0 0.0 0.0 0.0 0.0 0.0 0 0 0 
0.0634469696969697 0.256547619047619 0.0264527426218375 0.265175646419354 0.006340527982187173 0.31135250311662616 1 1 0 
0.0 0.0 0.24704259853869437 0.0 0.0 0.3084040818708406 1 0 0 
0.1875 0.3333333333333333 0.5578284541780724 0.375 0.26628638274796296 0.16334779288922496 1 0 0 
0.125 0.20833333333333331 0.0 0.11395097299622162 0.16468642245049814 0.017952463038721306 1 1 0 
0.45000000000000007 0.6442307692307693 0.09270723771634559 0.6650754498120905 0.03746097021540751 0.17769446276431405 1 1 0 
0.0 0.0 0.01466451408844982 0.0 0.0 0.32398952139060916 1 0 0 
0.0 0.0 0.024194698509408807 0.0 0.13261517884954852 0.02470614317685821 1 0 0 
0.0 0.0 0.0 0.0 0.0 0.06328111399663665 1 1 0 
0.05555555555555555 0.16666666666666666 0.0 0.14384103622589045 0.04619531816279064 0.10420539349642967 1 1 0 
0.08805555555555555 0.330194263940394 0.013975383041154865 0.4182020973797104 0.0161549509101624 0.255928873356151 1 1 0 
0.0 0.0 0.30546096959980673 0.0 0.0 0.09441343989454122 0 0 0 
0.0 0.0 0.0 0.0 0.0 0.2619355131517971 0 0 0 
0.0 0.0 0.0 0.0 0.0 0.0 0 0 0 
0.0 0.0 0.09530038663332285 0.0 0.0 0.04094991728468488 0 0 0 
0.0 0.0 0.04620043163322696 0.0 0.0 0.0 0 0 0 
0.3333333333333333 0.5 0.0 0.2876820724517809 0.4872099420656244 0.2873697945898488 1 0 0 
0.0 0.0 0.11522605208116887 0.0 0.09693222551931349 0.2674768893728207 1 0 0 
0.1375 0.3557692307692307 0.43967896331486145 0.4175009073114339 0.11155492376084383 0.21812350412736942 1 0 0 
0.19444444444444442 0.2916666666666667 0.46941506565689917 0.16781454226353887 0.08009239231091375 0.06731499666817092 1 0 0 
0.19642857142857142 0.3125 0.3188968289145455 0.2583370541201462 0.015381995585776024 0.0027730494941090723 1 0 0 
0.0 0.0 0.0 0.0 0.0 0.0 0 0 0 
0.1375 0.22 0.0 0.0 0.06107064194574207 0.0 0 0 0 
0.19444444444444442 0.2916666666666667 0.0 0.16781454226353887 0.039518680245544925 0.0 0 0 0 
0.19791666666666666 0.29910714285714285 0.0 0.17016687779315942 0.05558560566225849 0.0 0 0 0 
0.2222222222222222 0.3333333333333333 0.0 0.19178804830118726 0.21836606174285225 0.0 0 0 0 
0.4164484126984127 0.6442890442890443 0.23365980131700914 0.7096686036174291 0.20666741810010508 0.5283857139622887 0 0 0 
0.08333333333333334 0.2735042735042735 0.20407282247714975 0.34958517749796203 0.09901851759637265 0.34016977859058806 0 0 0 
0.10166396103896103 0.28947510822510825 0.14657135837397428 0.341685795786136 0.06808531103144325 0.3787550628028683 0 0 0 
0.0 0.0 0.16587498372048137 0.0 0.09366782450712033 0.11880993354183918 0 0 0 
0.06377551020408163 0.22263450834879406 0.13307869364966596 0.26389474695880827 0.07699715983966961 0.3301563958480985 0 0 0 
0.09458333333333332 0.31662114845938377 0.5566432615016459 0.40431929723320725 0.1579289278712934 0.37249713499500897 1 0 0 
0.22270833333333334 0.4612642182379024 0.5122243932634725 0.5588590145090478 0.27756287978682254 0.39958187808227663 1 0 0 
0.05416666666666667 0.1238095238095238 0.5101990851994922 0.10183411966990938 0.16374869990709573 0.13248867506260859 1 0 0 
0.11794217687074829 0.33880275186997877 0.41617539243743984 0.38339576397188174 0.24061479738131808 0.33106700048211685 1 0 0 
0.38472222222222224 0.584848484848485 0.284579791429723 0.5959753919568871 0.10647655135672436 0.08760343742877498 1 0 0 
0.1518623737373737 0.34337121212121213 0.6173256166289461 0.3515773145348633 0.1302190229151341 0.4647940731355754 0 0 0 
0.0625 0.1 0.6537125851528178 0.0 0.2283363497973228 0.30904239776000886 0 0 0 
0.06686507936507936 0.2155225726654298 0.5695706077415799 0.26875927817097545 0.17119988557580576 0.44802387684550127 0 0 0 
0.10912698412698413 0.4002525252525252 0.4873566596523654 0.46209812037329684 0.22195451475107492 0.23702139225954483 0 0 0 
0.03958333333333333 0.15610859728506787 0.5502855493137829 0.15993851729770178 0.14198981481108947 0.2625500449157112 0 0 0 
0.057291666666666664 0.1762820512820513 0.44653555773895537 0.22916666666666666 0.08903864600483648 0.1750461367018732 0 0 0 
0.1283008658008658 0.298191391941392 0.49780271027790923 0.3044151244574296 0.10533265662605226 0.5181412893796558 0 0 0 
0.1296875 0.4335872460872461 0.28900531734022494 0.5336697100983532 0.0717871490370891 0.26061258417624206 0 0 0 
0.14136904761904762 0.41041666666666665 0.4643080462836333 0.4707769467837203 0.12759414004393732 0.2678492544838451 0 0 0 
0.07638888888888888 0.11458333333333333 0.47265630287807936 0.06592714160353312 0.09226726126749087 0.35952307110978815 0 0 0 
0.11904761904761904 0.15873015873015872 0.41677099629574976 0.0684957315361383 0.11766295073707493 0.2709743559120748 1 0 0 
0.0 0.0 0.2987098507068944 0.0 0.1390621101945505 0.104184754754915 1 0 0 
0.16666666666666666 0.2222222222222222 0.520273730922545 0.09589402415059363 0.14439160678263854 0.05387947115079212 1 0 0 
0.16666666666666666 0.2222222222222222 0.5389672907252496 0.09589402415059363 0.16624627081335833 0.23071408739294696 1 0 0 
0.0 0.0 0.5475817090302728 0.0 0.1829091772981865 0.12818542532602314 1 0 0 
0.12053571428571429 0.4000666000666001 0.446165627297493 0.46992253949108587 0.09856400573472321 0.34856935656369287 0 0 0 
0.2837301587301587 0.4252100840336135 0.5882011258967509 0.4864573958202856 0.4854422618853069 0.10965214435706856 0 0 0 
0.23809523809523808 0.23809523809523808 0.6298519418271944 0.23809523809523808 0.5309373257204562 0.42946708003955786 0 0 0 
0.0446938775510204 0.17593984962406012 0.35780569375594906 0.19488574311228124 0.09038925283092729 0.33303734842142324 0 0 0 
0.12710222978080118 0.3245809745809746 0.5840593092803215 0.32949625189743403 0.1579855161070356 0.4198723056063568 0 0 0 
0.06902356902356901 0.27976190476190477 0.4119930711267422 0.3000255745807061 0.11430072847555216 0.2150331670000963 0 0 0 
0.41666666666666663 0.41666666666666663 0.44159391847338525 0.41666666666666663 0.13009399817949024 0.33895795400493506 0 0 0 
0.08061868686868687 0.2828282828282828 0.37448823888232363 0.2730554951423512 0.1096512107712773 0.2575396494906234 0 0 0 
0.413986013986014 0.5912698412698412 0.49732224046500684 0.6514287481988508 0.2205950199649211 0.4249284623524961 0 0 0 
0.41666666666666663 0.41666666666666663 0.5149147971272616 0.41666666666666663 0.1700919110499382 0.3648402390926189 0 0 0 
0.6666666666666666 0.6666666666666666 0.9411111779369499 0.6666666666666666 0.8794620670358536 0.8039258899400761 0 0 1 
0.05353535353535353 0.24649122807017543 0.5461391292976825 0.3264503667422287 0.1098199418885971 0.32711746903073585 0 0 0 
0.13226495726495727 0.3282203907203907 0.5568731293547453 0.2828845847999911 0.09139410280503188 0.21772277838630452 0 0 0 
0.3333333333333333 0.3333333333333333 0.801260937781196 0.3333333333333333 0.542063953908385 0.5454071463358129 0 0 0 
0.11955514532126098 0.30917551550367084 0.6411954291667344 0.2661964385235524 0.13746001469739594 0.25364547570329304 0 0 0 
0.0 0.0 0.5678317602512418 0.0 0.09757424200857136 0.444965101881386 0 0 0 
0.3333333333333333 0.375 0.5852950995987278 0.3219205181129452 0.12730257203561013 0.35586728740460105 0 0 0 
0.6666666666666666 0.6666666666666666 0.8516829035932862 0.6666666666666666 0.5831954788409481 0.6679068212776806 0 0 0 
0.3003227202741347 0.35221948361196576 0.6582292516106938 0.27870487205750477 0.1277785095911838 0.3235076039290445 0 0 0 
0.1111111111111111 0.18095238095238095 0.5587146801184122 0.06676569631226131 0.05084809919754468 0.299303593959876 0 0 0 
0.07717592592592593 0.29490028490028486 0.5682671462016617 0.3512967874372308 0.1941847742508026 0.465123533758525 0 0 0 
0.0 0.0 0.5981827744396335 0.0 0.13533610603836901 0.47597093380959277 0 0 0 
0.21525970329015093 0.36559962229406373 0.8547616179166657 0.39309170333562504 0.661725996102049 0.6214744961245033 0 0 0 
0.07 0.28109161793372317 0.49602722983250924 0.3666666666666667 0.07498127951279532 0.40704211287902886 0 0 0 
0.0 0.0 0.0 0.0 0.0 0.0 0 0 0 
0.25 0.25 0.5567188087072721 0.25 0.11089029346886942 0.3050579076921474 1 0 0 
0.26007748901647526 0.45232018188921475 0.6458204109647059 0.4292610236831928 0.197663136567945 0.45149123843080075 1 0 0 
0.15184676434676433 0.48538961038961037 0.4994626212423279 0.5505543787187965 0.057300765856494774 0.332859448926575 1 0 0 
0.5833333333333334 0.5833333333333334 0.0 0.5833333333333334 0.0 0.0 1 0 0 
0.35357142857142854 0.6049289891395154 0.5157491897724197 0.6550873866203228 0.11048350397524903 0.5022333723957498 1 0 0 
0.2909993339536625 0.3928491008374444 0.6822842408069723 0.43649900093049376 0.16239169673210085 0.5206032219257016 0 0 0 
0.1111111111111111 0.26666666666666666 0.5542048365673342 0.3333333333333333 0.045484539964048186 0.3673977216933559 0 0 0 
0.6666666666666666 0.6666666666666666 0.0 0.6666666666666666 0.0 0.0 0 0 0 
0.25 0.25 0.3612124065530027 0.25 0.10259768553825442 0.3166072546030632 0 0 0 
0.0 0.0 0.3253334705586677 0.0 0.0927330711511614 0.14677758849157835 0 0 0 
0.4803184211526943 0.5144848389757076 0.7736381540823535 0.4749443920176898 0.5075302970890577 0.7031117135926387 1 0 0 
0.5515828337985802 0.5515828337985802 0.0 0.5515828337985802 0.0 0.0 1 0 0 
0.4044972055710637 0.5562889241683266 0.4715351437368148 0.5848238269024333 0.3354919011057284 0.5217335934668992 1 0 0 
0.04488843936203628 0.138838544258728 0.37129315167543053 0.1090968726387035 0.16058173756233338 0.18297410841759587 1 0 0 
0.37698550134480113 0.4869779985803778 0.5628452867012094 0.4569378361063195 0.24792748861087593 0.5958522515880104 1 0 0 
0.0 0.0 0.0 0.0 0.0 0.0 1 0 0 
0.35714285714285715 0.5201388888888888 0.4656212012629102 0.5360403119657721 0.26497971157239936 0.5607478448201748 1 0 0 
0.09047619047619047 0.37592592592592594 0.3269468147044613 0.5 0.06816094144981531 0.21305064406072702 1 0 0 
0.16777777777777778 0.5096630465051517 0.45451155241609476 0.5647999310511038 0.07034888225402358 0.3539142759287559 1 0 0 
0.2787698412698412 0.6754847074395947 0.6388433371782888 0.7538660094652081 0.1113526174996031 0.3493274248744292 1 0 0 
0.5833333333333334 0.5833333333333334 0.0 0.5833333333333334 0.0 0.0 0 0 0 
0.0 0.0 0.0 0.0 0.0 0.0 0 0 0 
0.6 0.6 0.0 0.6 0.0 0.0 0 0 0 
0.0 0.0 0.0 0.0 0.0 0.0 0 0 0 
0.625 0.625 0.0 0.625 0.0 0.0 0 0 0 
0.07777777777777778 0.2906299840510367 0.3400986161050451 0.36014631999852664 0.15962748728033593 0.3125103999484578 0 0 0 
0.3618686868686869 0.6067129629629628 0.47409674885773145 0.6722033766226043 0.1288885375108937 0.47434726969960245 0 0 0 
0.15282287157287155 0.4212962962962963 0.3699783103170473 0.5090777058369098 0.14215335044925004 0.43293195287653985 0 0 0 
0.2534722222222222 0.39166666666666666 0.3684264514858886 0.44586188480173417 0.04439564735760162 0.09813948998590873 0 0 0 
0.28055555555555556 0.4888167388167388 0.4715280340469614 0.5578829767312006 0.15480490220953186 0.40520687025242913 0 0 0 
0.1 0.3851851851851852 0.31940930196206474 0.511010861833108 0.03582884009077178 0.2423337170197886 0 0 0 
0.08134920634920634 0.3659147869674185 0.3173972836076018 0.47680841752611647 0.04568176980184468 0.10586912344432835 0 0 0 
0.08630952380952381 0.3732456140350877 0.3127166077512359 0.4942935923898059 0.09284928848454188 0.028671874908883028 0 0 0 
0.057794057794057795 0.25069444444444444 0.2255569272982273 0.3024403020158411 0.0400088420644622 0.0 0 0 0 
0.06602002772200288 0.27160551991721404 0.30647506605700425 0.3091454091455873 0.13551726967703287 0.05261399442529274 0 0 0 
0.5887755102040816 0.7326649958228906 0.5576146328566255 0.7826196388527666 0.7147166326636489 0.7933610996355868 0 0 0 
0.2791666666666667 0.46447368421052637 0.43931772538671243 0.55 0.06113801404086163 0.23770463711662684 0 0 0 
0.3298611111111111 0.560265860730257 0.5584647682917842 0.5523690801692932 0.22988154368812752 0.5033507604233285 0 0 0 
0.1398132982618286 0.39117598159490696 0.4474082534594579 0.39591812533291637 0.20943159851954948 0.46977453717932127 0 0 0 
0.0 0.0 0.0 0.0 0.0 0.0 0 0 0 
0.1001984126984127 0.31360096670247045 0.5525928520267968 0.3546457191976684 0.12885583947422546 0.2463317788952832 0 0 0 
0.18753306878306877 0.45383070007130155 0.5830453054378298 0.4553306257234506 0.25475854873606113 0.5614663119905164 0 0 0 
0.1663091405352614 0.3961989047823 0.7802880889980491 0.32700692574946566 0.29347849076861493 0.4498825649888936 0 0 0 
0.0 0.0 0.0 0.0 0.0 0.0 0 0 0 
0.19988095238095235 0.4518576661433804 0.6978932825250813 0.4570620808164414 0.2995860315776889 0.4682070484894353 0 0 0 
0.6527777777777777 0.6979166666666667 0.552956984364394 0.7083333333333333 0.3528227486658386 0.4744189525836334 0 0 0 
0.509164096309017 0.6223414455194508 0.6177306744384696 0.6429332082335499 0.347219512996046 0.4413819028435895 0 0 0 
0.0 0.0 0.0 0.0 0.0 0.0 0 0 0 
0.2923611111111111 0.421969696969697 0.5609222043889441 0.459933621916863 0.13106688383501558 0.16469009911381347 0 0 0 
0.0 0.0 0.11389772515784446 0.0 0.0 0.0 0 0 0 
0.5946899454239157 0.668846131192874 0.6045318884698131 0.6147618755134885 0.7999326384665525 0.7595912272018447 1 0 0 
0.0 0.0 0.0 0.0 0.0 0.0 1 0 0 
0.4338888888888889 0.5837606837606837 0.48968267564314116 0.6262068985657705 0.3391525145881243 0.4286174759144742 1 0 0 
0.0 0.0 0.0694455422350555 0.0 0.004317188159850084 0.0 1 0 0 
0.13128306878306878 0.3559027777777778 0.35593259068950056 0.3736253186844474 0.12002225776277076 0.11065845062615096 1 0 0 
0.0 0.0 0.0 0.0 0.0 0.0 1 0 0 
0.3474873683532869 0.5142314452308446 0.7245141893497226 0.5101408892268826 0.3100450923337726 0.4008307716445009 1 0 0 
0.0 0.0 0.44205797376368117 0.0 0.10817052403849102 0.0 1 0 0 
0.20009015032193436 0.46619736627005404 0.7527804582616244 0.48811096973493795 0.2463674600224368 0.2287053331699067 1 0 0 
0.16566441062235143 0.3719135943692193 0.427544890788494 0.29643777018118445 0.29698304936482467 0.22253214326820986 1 0 0 
0.0 0.0 0.0 0.0 0.0 0.0 1 0 0 
0.0 0.0 0.0 0.0 0.0 0.0 1 0 0 
0.0 0.0 0.0 0.0 0.0 0.0 1 0 0 
0.0 0.0 0.0 0.0 0.0 0.0 1 0 0 
0.0 0.0 0.0 0.0 0.0 0.0 1 0 0 
0.0 0.0 0.4126199594410609 0.0 0.00430389777961831 0.11036542101447695 1 0 0 
0.1423611111111111 0.3687878787878788 0.6847605674948666 0.30881762323268996 0.2996425153790624 0.23981145448192176 1 0 0 
0.41000000000000003 0.5641025641025641 0.626988274946766 0.5612999090228153 0.5749725235098647 0.5083822951217865 1 0 0 
0.0 0.0 0.0 0.0 0.0 0.0 1 0 0 
0.5041666666666667 0.643006993006993 0.83975569155276 0.6598577656992564 0.5421438653401706 0.5295954434842207 1 0 0 
0.0 0.0 0.44293633171484426 0.0 0.14235722758385536 0.0 0 0 0 
0.0 0.0 0.13129542639990976 0.0 0.0057716921528472775 0.18264478716103622 0 0 0 
0.0 0.0 0.0 0.0 0.0 0.0 0 0 0 
0.0 0.0 0.32641038719598814 0.0 0.088136660191219 0.02890202752407244 0 0 0 
0.0 0.0 0.04384122008623326 0.0 0.034469476820359425 0.0 0 0 0 
0.14503205128205127 0.33831168831168834 0.3437436833399081 0.25986670992578587 0.18719282431934275 0.0 1 0 0 
0.0 0.0 0.0 0.0 0.0 0.0 1 0 1 
0.0875 0.28928571428571426 0.6278685501589567 0.375 0.239121204280968 0.2820712278815074 1 0 1 
0.07142857142857142 0.29248366013071897 0.3859082030308427 0.3906011644786416 0.1760462261853174 0.34743952655212534 1 0 0 
0.0 0.0 0.0 0.0 0.0 0.0 1 0 0 
0.0 0.0 0.0 0.0 0.0 0.0 0 0 0 
0.041666666666666664 0.14285714285714285 0.4405494639378811 0.1436220945960397 0.13704430507296164 0.025968963190665734 0 0 0 
0.041666666666666664 0.13333333333333333 0.36091745542908793 0.10381968238912224 0.11320283990674398 0.04735069486125514 0 0 0 
0.0 0.0 0.0 0.0 0.0 0.0 0 0 0 
0.5333333333333333 0.7416666666666667 0.2730495467732088 0.746941195779559 0.06714079239672066 0.08854173024255142 0 0 0 
0.0 0.0 0.0 0.0 0.0 0.0 0 0 0 
0.0 0.0 0.0 0.0 0.0 0.0 0 0 0 
0.0 0.0 0.0 0.0 0.0 0.0 0 0 0 
0.0 0.0 0.0 0.0 0.0 0.0 0 0 0 
0.0 0.0 0.0 0.0 0.0 0.0 0 0 0 
0.415625 0.5254524886877828 0.5338361698714987 0.5219339117742152 0.5199363119633955 0.6663751287661868 1 0 1 
0.0 0.0 0.0 0.0 0.0 0.0 1 0 0 
0.2951388888888889 0.3906926406926407 0.5524952015230322 0.3817083221204991 0.19373167306715552 0.000943179245500476 1 0 0 
0.07500000000000001 0.26785714285714285 0.1827282156477098 0.375 0.07417217815288814 0.07610695819564521 1 0 0 
0.10384615384615385 0.3375 0.21405346299594208 0.3377949545018212 0.0 0.3930249139573128 1 0 0 
0.0 0.0 0.0 0.0 0.0 0.0 0 0 0 
0.07291666666666666 0.2833333333333333 0.20302012094059596 0.34369161824248196 0.12993071562562775 0.0 0 0 0 
0.041666666666666664 0.13333333333333333 0.03221939962978848 0.10381968238912224 0.025628283736647037 0.0 0 0 0 
0.08333333333333333 0.3333333333333333 0.29139380063472886 0.42364893019360184 0.07026703858826973 0.5698478602693899 0 0 0 
0.726087999579899 0.7917363302590967 0.3365409708581505 0.8026431778222314 0.4795590110011547 0.8158506484828038 0 0 1 
0.0 0.0 0.0 0.0 0.0 0.0 0 0 0 
0.0 0.0 0.0 0.0 0.0 0.0 0 0 0 
0.0 0.0 0.0 0.0 0.0 0.0 0 0 0 
0.0 0.0 0.0 0.0 0.0 0.0 0 0 0 
0.0 0.0 0.0 0.0 0.0 0.0 0 0 0 
0.048863636363636366 0.1813186813186813 0.23199729897752475 0.17376735169815072 0.13259019439343117 0.12629298016753449 0 0 0 
0.1 0.32499999999999996 0.13556289813502398 0.4149441740777056 0.043818566390324 0.0 0 0 1 
0.1557140181474463 0.5020214621079864 0.7422015444334671 0.6233645143353106 0.44036044269332203 0.05994593574741755 0 0 0 
0.3134920634920635 0.4714285714285714 0.2715993966648875 0.4916859536320945 0.03368611309931198 0.13382624622313954 0 0 0 
0.0920138888888889 0.2689393939393939 0.03962108532544306 0.21576155433883568 0.028947510056556398 0.0 0 0 0 
0.07142857142857142 0.2 0.10658025870354448 0.17833747196936622 0.06220526896112934 0.15968276606130125 0 0 0 
0.0646575151228719 0.2335463682161108 0.21399524526003422 0.2513301398793506 0.12205601874787377 0.044130755235713595 0 0 0 
0.07500000000000001 0.26785714285714285 0.19914827323185003 0.375 0.015373268115834357 0.23835193431980295 0 0 0 
0.08333333333333333 0.25 0.0 0.21576155433883568 0.0 0.0 0 0 0 
0.09358465608465609 0.2970917970917971 0.13626248540465857 0.37602840697019485 0.0 0.06124896799591001 0 0 0 
0.1486426060101394 0.5101455235694661 0.22842254243031745 0.6607743638926172 0.14280798891290086 0.5148301034289169 1 0 0 
0.1875 0.3333333333333333 0.22743488101034537 0.375 0.1467830062150706 0.10784142924365338 1 0 1 
0.15000000000000002 0.375 0.019493995332579894 0.35250272193430165 0.005694134196986283 0.10339884052559022 1 0 0 
0.09953703703703703 0.2970917970917971 0.19240508893999364 0.35646059621523085 0.0967103548418462 0.413968193310698 1 0 0 
0.1 0.3333333333333333 0.30201504660883727 0.4377343686769499 0.08737723985295837 0.19316465640120478 1 0 0 
0.09892762826787015 0.3467809104852919 0.26323580630148125 0.35579724345012487 0.060786781011623395 0.0 1 0 0 
0.10843224238605143 0.2943417186003739 0.06494720076262839 0.30061567773605025 0.06984793103346588 0.1013959244700266 1 0 0 
0.16449567453983008 0.4199860009995753 0.6307182183203944 0.4754641536118722 0.33262874871209197 0.4084308356070565 1 0 1 
0.0860212605334977 0.3162533330332612 0.36745902021516286 0.43187258682136065 0.2192092008826047 0.16207134454843375 1 0 0 
0.31697690570205805 0.4439695341660182 0.4953526987832898 0.45846160375039824 0.24730478407120282 0.5773863473635102 1 0 0 
0.10416666666666666 0.2884615384615385 0.03909592812922802 0.2761454701743995 0.0 0.14398036318772944 1 0 0 
0.10347222222222223 0.31927825261158593 0.2238115597826058 0.38737399811475326 0.07006303052988516 0.07335048472651128 1 0 0 
0.05357142857142857 0.21428571428571427 0.2574758208490071 0.25993019270997947 0.01823082403901142 0.11204825245259549 1 0 0 
0.11016865079365079 0.3120748299319728 0.17589974457640145 0.3420442533685415 0.01727005832082245 0.09015458140684793 1 0 0 
0.0 0.0 0.0 0.0 0.0 0.0 1 0 0 
0.10747354497354497 0.34273004448443045 0.06954663391233584 0.3670767485417783 0.0038094553224903875 0.0 1 0 0 
0.09375 0.2727272727272727 0.0709962005554361 0.21576155433883568 0.08282038772209242 0.1474825722725978 1 0 0 
0.17222222222222222 0.4970862470862471 0.04187093139887965 0.5949409723934032 0.017773243222303534 0.1438894395633593 1 0 0 
0.0 0.0 0.0 0.0 0.0 0.0 1 0 0 
0.0 0.0 0.0 0.0 0.0 0.0 1 0 0 
0.0650352733686067 0.2656862745098039 0.32089328012817697 0.351477776689266 0.1638655232130285 0.07864875807915529 1 0 0 
0.20200302343159482 0.43846807953950817 0.6113947361518888 0.4636124065804684 0.30283774277889874 0.44955845856644777 1 0 0 
0.0 0.0 0.0 0.0 0.0 0.0 1 0 0 
0.0 0.0 0.0 0.0 0.0 0.0 1 0 0 
0.0 0.0 0.0 0.0 0.0 0.0 1 0 0 
0.08154761904761905 0.293983793983794 0.3829971847143899 0.3355971032107013 0.15560410127581945 0.19703731400714672 0 0 0 
0.0 0.0 0.0 0.0 0.0 0.0 0 0 0 
0.0 0.0 0.0 0.0 0.0 0.0 0 0 1 
0.0 0.0 0.0 0.0 0.0 0.0 0 0 1 
0.0 0.0 0.05962712249177127 0.0 0.0 0.0 0 0 1 
0.0 0.0 0.0 0.0 0.0 0.0 0 0 0 
0.0 0.0 0.0 0.0 0.0 0.0 0 0 0 
0.0 0.0 0.0 0.0 0.0 0.0 0 0 0 
0.0 0.0 0.1850598757957551 0.0 0.042934172824220365 0.0 0 0 0 
0.0 0.0 0.0 0.0 0.0 0.0 0 0 0 
0.0 0.0 0.0 0.0 0.0 0.0 0 0 0 
0.0 0.0 0.0 0.0 0.0 0.0 0 0 0 
0.0 0.0 0.0 0.0 0.0 0.0 0 0 0 
0.0 0.0 0.0 0.0 0.0 0.0 0 0 0 
0.0 0.0 0.0 0.0 0.0 0.0 0 0 0 
0.0 0.0 0.0 0.0 0.0 0.0 0 0 0 
0.0 0.0 0.0 0.0 0.0 0.0 0 0 0 
0.0 0.0 0.0 0.0 0.0 0.0 0 0 0 
0.0 0.0 0.0 0.0 0.0 0.0 0 0 0 
0.0 0.0 0.0 0.0 0.0 0.0 0 0 0 
0.0 0.0 0.0 0.0 0.0 0.0 0 0 0 
0.0 0.0 0.0 0.0 0.0 0.0 0 0 0 
0.0 0.0 0.0 0.0 0.0 0.0 0 0 0 
0.0 0.0 0.0 0.0 0.0 0.0 0 0 0 
0.0 0.0 0.0 0.0 0.0 0.0 0 0 0 
0.0 0.0 0.0 0.0 0.0 0.0 0 0 0 
0.0 0.0 0.0 0.0 0.0 0.0 0 0 0 
0.19444444444444442 0.38888888888888884 0.43709763891880915 0.40433585532663474 0.13361803006818684 0.015066673925375832 0 0 0 
0.0 0.0 0.0 0.0 0.0 0.0 0 0 0 
0.0 0.0 0.0 0.0 0.0 0.0 0 0 0 
0.0 0.0 0.0 0.0 0.0 0.0 0 0 0 
0.0 0.0 0.0 0.0 0.0 0.0 0 0 0 
0.0 0.0 0.0 0.0 0.0 0.0 0 0 0 
0.0 0.0 0.0 0.0 0.0 0.0 0 0 0 
0.0 0.0 0.0 0.0 0.0 0.0 0 0 0 
0.0 0.0 0.0 0.0 0.0 0.0 0 0 0 
0.0 0.0 0.0 0.0 0.0 0.0 0 0 0 
0.0 0.0 0.0 0.0 0.0 0.0 0 0 0 
0.0 0.0 0.0 0.0 0.0 0.0 0 0 0 
0.0 0.0 0.0 0.0 0.0 0.0 0 0 0 
0.0 0.0 0.0 0.0 0.0 0.0 1 0 0 
0.0 0.0 0.0 0.0 0.0 0.0 1 0 0 
0.0 0.0 0.6315651946430474 0.0 0.2904614410503239 0.2404904127217667 1 0 0 
0.4340277777777778 0.6596459096459096 0.3533424774476699 0.75 0.09051627672561699 0.005124588674433786 1 0 0 
0.3854166666666667 0.4994047619047619 0.835442522833761 0.45262692572313923 0.5892642591052711 0.4451367915797406 1 0 0 
0.0 0.0 0.0 0.0 0.0 0.0 0 0 0 
0.75 0.75 0.0 0.75 0.0 0.0 0 0 1 
0.0 0.0 0.0 0.0 0.0 0.0 0 0 0 
0.0 0.0 0.0 0.0 0.0 0.0 0 0 0 
0.5340294692386621 0.5340294692386621 0.0 0.5340294692386621 0.0 0.0 0 0 0 
0.0 0.0 0.0 0.0 0.0 0.0 0 0 0 
0.0 0.0 0.0 0.0 0.0 0.0 0 0 0 
0.0 0.0 0.0 0.0 0.0 0.0 0 0 0 
0.0 0.0 0.0 0.0 0.0 0.0 0 0 0 
0.0 0.0 0.0 0.0 0.0 0.0 0 0 0 
0.0 0.0 0.3003917978926821 0.0 0.004777473633974522 0.0 0 0 0 
0.10312500000000001 0.2235819735819736 0.5832756149880147 0.1897337686855717 0.22817545327838853 0.25975683207859884 0 0 1 
0.37063367661604785 0.5295211916141048 0.29193398840433993 0.5807323057392957 0.09327187059944221 0.0 0 0 0 
0.4166666666666667 0.5238095238095238 0.15356669057233896 0.46848836936938815 0.0 0.0 0 0 0 
0.05630414760478236 0.09652139589391262 0.3119317049529673 0.04511022744121962 0.10330139679837602 0.0 0 0 0 
0.0 0.0 0.4128700383109758 0.0 0.13361786047575874 0.0 0 0 0 
0.31563590151700816 0.6205677226808362 0.4574182232652053 0.725789117062311 0.149569438130696 0.3267538337014733 0 0 0 
0.15925925925925924 0.5419213139801375 0.29068850037880356 0.6693064374593274 0.08718852203352738 0.20936237130867624 0 0 0 
0.10770670914743741 0.43463373671436456 0.2927960712339448 0.5564773166058452 0.03971527642580399 0.08297072833376552 0 0 0 
0.0 0.0 0.2843493845548559 0.0 0.0 0.021258477180244862 0 0 0 
0.287943254118613 0.3559070064299887 0.4682301101004651 0.2824847752060237 0.1656014530475939 0.06992077061287828 1 0 0 
0.1708333333333333 0.28935185185185186 0.32492258901332105 0.2670837869890503 0.05356406554033335 0.0 1 0 0 
0.3754873284430413 0.4463748093811569 0.7055589401728792 0.3196311789941588 0.4730416059578107 0.3631594957549299 1 0 0 
0.10119047619047619 0.21875 0.414394644026608 0.2618987373309969 0.1526200763678396 0.011799543290689048 1 0 0 
0.095 0.16166666666666665 0.5877101799254826 0.08751866090089502 0.23766081390688895 0.16012307835667372 1 0 0 
0.3094589509009859 0.6292803318981797 0.5304792955376485 0.726142385192598 0.25970580976146823 0.5770804794532746 1 0 0 
0.384066584686827 0.5679451013238399 0.5647819587975222 0.6237383183774965 0.43500447569966466 0.536146992592712 1 0 0 
0.2287446681262867 0.30665946219987716 0.30157253433185216 0.3303797873524824 0.045813178552337214 0.05412340699868322 1 0 0 
0.36855611105542263 0.5435366680237375 0.8589058249173891 0.5729428105205754 0.5458795001562844 0.5560271587193311 1 0 0 
0.34145678300868215 0.4636691666922708 0.8036880140475594 0.46606560458161717 0.5248881382374853 0.4740554208306256 1 0 0 
0.08901365423042669 0.27185688487195414 0.3532857994719558 0.25880765205562367 0.11493934094561649 0.3984228886744823 0 0 0 
0.3125 0.375 0.29528694479255824 0.3527389959499886 0.08369867907424991 0.014860943977959647 0 0 0 
0.2580717893217893 0.41140873015873014 0.4856470054620142 0.38826941955072614 0.16383683607649602 0.43795592725873556 0 0 0 
0.23111156320160958 0.38770416732407187 0.48604829914182013 0.4206228912777039 0.16730852156020123 0.3747892315986296 0 0 0 
0.11051587301587301 0.34015151515151515 0.43077568180873527 0.373948929194309 0.1640308373821528 0.5070585850337463 0 0 0 
0.04256497712573884 0.07094162854289807 0.2620097119849242 0.03880256447231886 0.011226153269238807 0.0 0 0 1 
0.09834777269460863 0.26823628737235417 0.5432364158395895 0.2541138969567612 0.22830032820013618 0.2790359017267879 0 0 0 
0.05533959751664956 0.20977134143138607 0.5154970975390065 0.24556415539716459 0.15325617895101729 0.22228941710710548 0 0 0 
0.044203148827355376 0.15711109485032865 0.44806682283966603 0.13406351329851918 0.12300366481896029 0.20837519257087028 0 0 0 
0.0 0.0 0.4179049078203131 0.0 0.18002889350092038 0.07804736371883918 0 0 0 
0.30125 0.3483333333333333 0.3578706327863225 0.2660223502786398 0.1474052267521893 0.07563088515854755 1 0 0 
0.21282488562869417 0.21282488562869417 0.40103990424756053 0.21282488562869417 0.09004153639881596 0.0887622126888837 1 0 0 
0.0 0.0 0.37635399032010086 0.0 0.0025650645450167892 0.08824119171939743 1 0 0 
0.0 0.0 0.39722391358173015 0.0 0.10647124910728804 0.16513428028885221 1 0 0 
0.041666666666666664 0.07500000000000001 0.32033823054381516 0.039510193371684856 0.0 0.0 1 0 0 
0.4069539188621708 0.5082320434658785 0.9038654334709099 0.5617909882244208 0.5983907325091745 0.6995491885584989 1 0 0 
0.06666666666666667 0.19393939393939394 0.655734679060555 0.24434419516644135 0.18460263524628653 0.44254676437555435 1 0 1 
0.0 0.0 0.6198867887985451 0.0 0.31830744072138384 0.4046683555576926 1 0 1 
0.06428571428571428 0.165 0.3224041064077853 0.1381893696410086 0.1222942696625958 0.045680651106123134 1 0 1 
0.0 0.0 0.0 0.0 0.0 0.0 1 0 0 
0.139792188380351 0.27526839944649334 0.6835168343348893 0.3050228425163676 0.25738211139528566 0.4356110907943448 0 0 0 
0.0 0.0 0.6751973244205667 0.0 0.3436671594528729 0.4144929090008304 0 0 0 
0.0 0.0 0.35388369963443833 0.0 0.05894302557930225 0.0 0 0 0 
0.0 0.0 0.0 0.0 0.0 0.0 0 0 0 
0.0734801894670826 0.2966740712335433 0.6627017139335133 0.38857978133769006 0.21675560183641085 0.3554085794066226 0 0 0 
0.45833333333333337 0.488095238095238 0.6892767922849763 0.41666666666666663 0.41617685058948034 0.6825296820816499 0 0 0 
0.10416666666666666 0.16666666666666669 0.38392247669795976 0.05563808026021776 0.10908049717264834 0.05179883011705939 0 0 0 
0.0 0.0 0.0 0.0 0.0 0.0 0 0 0 
0.06428571428571428 0.22077922077922077 0.5529485486708092 0.24555095635158675 0.13929069645406392 0.24554453716252647 0 0 0 
0.0 0.0 0.0 0.0 0.0 0.0 0 0 0 
0.11904761904761904 0.20535714285714285 0.5382802107202784 0.06676569631226131 0.2047610964528317 0.10071874782040953 1 0 0 
0.0 0.0 0.0 0.0 0.0 0.0 1 0 0 
0.0 0.0 0.6782774961617181 0.0 0.26500206528021186 0.24725945253103254 1 0 0 
0.0 0.0 0.0 0.0 0.0 0.0 1 0 0 
0.0 0.0 0.44934153206607697 0.0 0.14070749786740272 0.0 1 0 0 
0.0 0.0 0.0 0.0 0.0 0.0 1 0 1 
0.0 0.0 0.3221702636871451 0.0 0.05921956476069262 0.012656887483055861 1 0 1 
0.0 0.0 0.0 0.0 0.0 0.0 1 0 0 
0.125 0.2 0.4091562723998099 0.0911607783969773 0.05119246657726205 0.057045981997018394 1 0 0 
0.41666666666666663 0.41666666666666663 0.21902271309711985 0.41666666666666663 0.32743519271498844 0.30616631721569504 1 0 0 
0.0 0.0 0.0 0.0 0.0 0.0 0 0 0 
0.0 0.0 0.0 0.0 0.0 0.0 0 0 0 
0.0 0.0 0.0 0.0 0.0 0.0 0 0 1 
0.0 0.0 0.0 0.0 0.0 0.0 0 0 0 
0.0 0.0 0.0 0.0 0.0 0.0 0 0 0 
0.0 0.0 0.0 0.0 0.0 0.0 0 0 0 
0.0 0.0 0.3379938051509257 0.0 0.07142518250724994 0.0 0 0 0 
0.06885521885521886 0.2096153846153846 0.4495488708915416 0.17284482855576705 0.12976611478029706 0.23917184734466718 0 0 0 
0.06792929292929292 0.30193129883532366 0.47620162527449494 0.3696698233042621 0.11733415522935044 0.14540296362029184 0 0 0 
0.0 0.0 0.4490695130174702 0.0 0.1676480427089956 0.20377743253085046 0 0 0 
0.0 0.0 0.0 0.0 0.0 0.0 0 0 0 
0.0 0.0 0.0 0.0 0.0 0.0 0 0 0 
0.5714285714285714 0.5714285714285714 0.0 0.5714285714285714 0.0 0.0 0 0 0 
0.0 0.0 0.0 0.0 0.0 0.0 0 0 0 
0.0 0.0 0.0 0.0 0.0 0.0 0 0 0 
0.10416666666666666 0.16666666666666669 0.2808049667356234 0.07596731533081441 0.05195802875383629 0.11899090428126867 0 0 0 
0.0761904761904762 0.18112244897959184 0.2804926955150707 0.16061055173073804 3.7189633208263674e-05 0.0 0 0 1 
0.0 0.0 0.46909369515821986 0.0 0.1664998607997828 0.125386489974271 0 0 0 
0.07500000000000001 0.1875 0.23360375661071386 0.17625136096715083 0.03741369188887179 0.03700186096041555 0 0 0 
0.0 0.0 0.32108068204761464 0.0 0.09084024154354613 0.0 0 0 0 
0.12713529856387 0.3769850247791424 0.36000523654775196 0.3965067518580364 0.1486060514110374 0.2806234148517254 1 0 0 
0.0 0.0 0.2634877291484309 0.0 0.0691874754788531 0.0808095812085928 1 0 0 
0.1388888888888889 0.533022533022533 0.2183458721627458 0.6454504391721045 0.06959070066742844 0.26553813499724743 1 0 0 
0.1375 0.40384615384615385 0.43888129793992703 0.4950006048742893 0.24908518159879992 0.2343057915014667 1 0 0 
0.6875 0.7272727272727273 0.9701618007580165 0.7146136787419635 0.9128667173860002 0.7121901904073634 1 0 0 
0.0 0.0 0.49450432815704926 0.0 0.16380085536570277 0.13033592729714547 0 0 1 
0.14948979591836734 0.4624037114845938 0.5204004716383988 0.5480529106191163 0.044829640027968666 0.3696607376054804 0 0 0 
0.4583333333333333 0.6918498168498168 0.4061891592909064 0.7748069900276574 0.0211390116790908 0.1674888443904807 0 0 0 
0.31463529856386996 0.4289044289044289 0.4574297318568049 0.38167536865959034 0.2723194454731739 0.5277417745694114 0 0 0 
0.09353741496598639 0.35149572649572647 0.6085322074573268 0.45478368207294073 0.15886273966986947 0.4681251094711577 0 0 0 
0.0 0.0 0.3885574495739841 0.0 0.09034032549727332 0.08252244016022386 0 0 0 
0.0 0.0 0.4746809356183965 0.0 0.11781342068876581 0.2751370760931681 0 0 0 
0.0 0.0 0.3118602340961121 0.0 0.10663338026915797 0.21791237848478112 0 0 0 
0.0 0.0 0.4931917955451781 0.0 0.07854472613597353 0.1687180728875088 0 0 0 
0.14583333333333331 0.2761904761904762 0.5340242189131239 0.16214012929169264 0.19165586968227327 0.2864888213041133 0 0 0 
0.15625 0.40865384615384615 0.16673928218255418 0.5 0.049107455315592505 0.0 1 0 0 
0.11507936507936507 0.38857808857808857 0.2436979966661328 0.4145668379191978 0.03750565594329535 0.2575569503997671 1 0 0 
0.37797619047619047 0.4903846153846154 0.4430688748031282 0.5064994167887811 0.09890455397079968 0.323338392742581 1 0 1 
0.18125 0.4952686202686203 0.2654913652077906 0.6253782510073249 0.010917625138550446 0.0258256950052601 1 0 0 
0.37797619047619047 0.4903846153846154 0.2669731162110244 0.5064994167887811 0.01930691474520466 0.2481500580458103 1 0 0 
0.08333333333333334 0.20833333333333331 0.48993960199499864 0.1958348455190565 0.26526321406951364 0.3344985884080486 0 0 0 
0.14583333333333331 0.44172494172494176 0.5743005772487582 0.5693817886456924 0.1488891305340804 0.32466810127214507 0 0 0 
0.1875 0.3498168498168498 0.6641588059645247 0.41666666666666663 0.29225045386948134 0.2986773858593673 0 0 0 
0.14583333333333331 0.44172494172494176 0.16254675455388456 0.5693817886456924 0.017607728173895013 0.19150564958007504 0 0 0 
0.125 0.38461538461538464 0.01547537640899277 0.5 0.043957015747859485 0.0 0 0 0 
0.1111111111111111 0.3131313131313131 0.48193851573253066 0.32694308433724206 0.14573483765031842 0.4303974437390978 0 0 0 
0.175 0.44047619047619047 0.4027390578858958 0.5011458982547224 0.25963686465306357 0.2578261590889617 0 0 0 
0.1111111111111111 0.3131313131313131 0.20787618486437376 0.32694308433724206 0.027715963297402047 0.26655131109959657 0 0 0 
0.48611111111111116 0.6439393939393939 0.20287340336868143 0.6564017270431508 0.4346245312693278 0.5275310222962565 0 0 0 
0.11597222222222223 0.3621794871794872 0.2806668879722428 0.38026830650733645 0.10566615366637744 0.19497458625190406 0 0 0 
0.175 0.4007936507936508 0.6863980766371302 0.5 0.26388474537598255 0.2498409006753538 0 0 0 
0.6666666666666666 0.6666666666666666 0.49077375097664566 0.6666666666666666 0.7473051105365813 0.7496002591166375 0 0 1 
0.44047619047619047 0.5 0.12150391818245998 0.5064994167887811 0.0 0.12061631689849156 0 0 0 
0.3842592592592593 0.5 0.34091484453446985 0.5239735060376484 0.14533619127121128 0.24931474741977958 0 0 0 
0.0 0.0 0.41735751534333576 0.0 0.0017947750106996764 0.18081163510384723 0 0 0 
0.175 0.4007936507936508 0.22710810794582703 0.5 0.029854830188411164 0.12374019433476881 1 0 0 
0.21051587301587302 0.5964285714285714 0.12849637057860175 0.7693453067743861 0.0610545653341084 0.028574679990759445 1 0 0 
0.21041666666666664 0.4713624338624338 0.268847768217624 0.4991524485825124 0.12729159092750494 0.1283775693229903 1 0 0 
0.13333333333333333 0.2222222222222222 0.3610011013777521 0.12154770452930307 0.051051291058271296 0.0 1 0 0 
0.0 0.0 0.0 0.0 0.0 0.0 1 0 0 
0.44047619047619047 0.5 0.1559684486197448 0.5064994167887811 0.004535213985071506 0.13746138754952666 0 0 0 
0.3842592592592593 0.5 0.30806507514122583 0.5239735060376484 0.17930469130632629 0.19205509819671854 0 0 0 
0.0 0.0 0.20559198549192859 0.0 0.0 0.1996077818310388 0 0 0 
0.0 0.0 0.0 0.0 0.0 0.0 0 0 0 
0.38055555555555554 0.5549999999999999 0.31150228282226655 0.6333333333333333 0.1380337911820126 0.35606965787360007 0 0 0 
0.40688131313131315 0.5925740925740925 0.12550761485318607 0.6030745275309066 0.03393174272195089 0.0 1 0 1 
0.08333333333333333 0.15000000000000002 0.0895825522957765 0.07902038674336971 0.04221864067681871 0.10976245694760423 1 0 0 
0.0 0.0 0.0 0.0 0.0 0.0 1 0 0 
0.755 0.8574358974358974 0.2057488024251708 0.8809777974730733 0.34436367419408165 0.42013394776717755 1 0 0 
0.10267857142857142 0.3653846153846154 0.19515054931511477 0.37995643843610327 0.0066538374094466494 0.20121145830738657 1 0 1 
0.15416666666666667 0.2484848484848485 0.17532002757681409 0.0 0.003123805981018188 0.0 0 0 1 
0.0 0.0 0.0 0.0 0.0 0.0 0 0 0 
0.3291005291005291 0.5960207847707848 0.19343680918441697 0.6269953209784547 0.061320527677497454 0.0 0 0 1 
0.31398809523809523 0.6018518518518519 0.45351291327383736 0.6761967204696874 0.1367134089337311 0.25753633659326447 0 0 0 
0.08660714285714285 0.2729895104895105 0.3986151449113412 0.3064046561852099 0.14703804334846773 0.22457917160427282 0 0 0 
0.0 0.0 0.0 0.0 0.0 0.0 0 0 0 
0.1325 0.2222222222222222 0.324920909514953 0.11992898564215539 0.06672002772131141 0.1623659073717542 0 0 0 
0.0 0.0 0.26337299304008277 0.0 0.03385242393398163 0.09587311120590199 0 0 0 
0.0 0.0 0.39938702234891876 0.0 0.08344840762987644 0.15984138270781853 0 0 0 
0.05649929070983415 0.10272598310878936 0.29108414595818677 0.0 0.04059251609073348 0.07009275771014689 0 0 0 
0.0 0.0 0.0 0.0 0.0 0.0 0 0 0 
0.0 0.0 0.0 0.0 0.0 0.0 0 0 0 
0.0 0.0 0.0 0.0 0.0 0.0 0 0 0 
0.0 0.0 0.0 0.0 0.0 0.0 0 0 0 
0.0 0.0 0.0 0.0 0.0 0.0 0 0 0 
0.4726190476190476 0.675 0.45828280655640363 0.7538996500732686 0.16843871226659207 0.358722392982463 0 0 0 
0.27249999999999996 0.3993589743589744 0.5168541804451399 0.42048938929040236 0.36591495903733107 0.3983785485105232 0 0 0 
0.20979550865506502 0.619672009306879 0.4229311193184644 0.7555753702518417 0.18800273306916332 0.2367426735297619 0 0 0 
0.24333333333333332 0.35897435897435903 0.5805071185070314 0.37816070977640376 0.4094853406849947 0.4565555270402415 0 0 1 
0.16984126984126982 0.4628787878787879 0.2457583853730415 0.5753433674392348 0.15626894763520746 0.3098709818636005 0 0 0 
0.1875 0.5697115384615384 0.4281698554018806 0.75 0.16977276952319895 0.4264422283280882 1 0 0 
0.199162820055872 0.590014049401362 0.4601382345929963 0.7195442338759447 0.09520934780019702 0.35031217522036245 1 0 0 
0.175 0.5317307692307692 0.40657734899705733 0.7 0.16274779889052407 0.4141454889011295 1 0 0 
0.5555555555555556 0.75 0.5100182384044722 0.8333333333333333 0.560967029719811 0.6606125829774817 1 0 0 
0.0 0.0 0.0 0.0 0.0 0.0 1 0 0 
0.24464116835674798 0.3996657907605862 0.6067789264310385 0.43592777257738236 0.6357804187563489 0.6228489015713515 0 0 0 
0.675 0.675 0.9543670552969206 0.675 0.9437884047337707 0.9280313722046586 0 0 0 
0.17013888888888887 0.4618055555555556 0.42591242270837204 0.5833333333333333 0.19825593390115548 0.5500619666332727 0 0 0 
0.0 0.0 0.0 0.0 0.0 0.0 0 0 0 
0.18125 0.4803321678321678 0.3124021634613756 0.5498268556884914 0.0769432239714797 0.40266866478924307 0 0 0 
0.3804674087884228 0.5229920311922611 0.5815920438353377 0.5547382331660436 0.6097656839704739 0.6127866124197892 1 0 0 
0.15480442789039667 0.46366541011377826 0.3454727168515741 0.5646707161562978 0.08466430897275988 0.37838974210626125 1 0 0 
0.0 0.0 0.0 0.0 0.0 0.0 1 0 0 
0.20146453962228456 0.6132485269477289 0.23221564680150153 0.7751534659446716 0.02844296026565661 0.28096890218844717 1 0 0 
0.3528238170236081 0.5524540541217186 0.5822699985055775 0.6056078744299884 0.4904222587952847 0.6528715108849675 1 0 0 
0.15555555555555553 0.4222222222222223 0.39761864992935414 0.5333333333333333 0.1898564578065515 0.48240175106845706 1 0 0 
0.0 0.0 0.0 0.0 0.0 0.0 1 0 0 
0.16666666666666666 0.4413170163170163 0.28708995251589164 0.5019195873916376 0.08261398502903325 0.3498103596937056 1 0 0 
0.534375 0.6286057692307692 0.6831784776886675 0.6650726285510555 0.6263305994520809 0.6912190548961074 1 0 0 
0.0875 0.3230769230769231 0.32220065605230397 0.3092829265953274 0.06894268607907357 0.19204195826525966 1 0 0 
0.0 0.0 0.0 0.0 0.0 0.0 0 0 1 
0.5079365079365079 0.6833333333333333 0.7297649620248178 0.7232372803171889 0.6886888694432313 0.7238406463602078 0 0 0 
0.5436507936507936 0.6826388888888889 0.7706573391691297 0.7224759867459639 0.659371996204714 0.818422689290765 0 0 0 
0.11458333333333333 0.42599067599067597 0.34343650398576164 0.48001035238246614 0.06458610837734756 0.2487741047682763 0 0 0 
0.1375 0.43162393162393164 0.5706154541601244 0.5625781228923166 0.3068682717088569 0.5405167857134227 0 0 0 
0.0 0.0 0.0 0.0 0.0 0.0 0 0 0 
0.0 0.0 0.0 0.0 0.0 0.0 0 0 0 
0.0 0.0 0.0 0.0 0.0 0.0 0 0 0 
0.0 0.0 0.0 0.0 0.0 0.0 0 0 0 
0.0 0.0 0.0 0.0 0.0 0.0 0 0 0 
0.4375 0.6229166666666667 0.4368455859831747 0.6875 0.18100362926353253 0.5263651287777368 0 0 0 
0.12767857142857142 0.4588744588744589 0.2194078339427432 0.5142421714569443 0.05296142338009458 0.2316304689890911 0 0 0 
0.15 0.46153846153846156 0.59638958581547 0.560290514204222 0.1905803827690521 0.48205046477123464 0 0 0 
0.13791666666666666 0.5016042780748663 0.38647185345767154 0.6183302893258403 0.0606283758416341 0.4632300500173784 0 0 0 
0.0 0.0 0.27858938655226595 0.0 0.04976043872236706 0.21928617854969912 0 0 0 
0.08995535714285714 0.32429029304029305 0.42497663493130167 0.330446157332171 0.08452412906475175 0.30369228658911773 1 0 0 
0.39017857142857143 0.5757783882783882 0.4877001873797746 0.6444783077591458 0.26375265709458917 0.5264133465382834 1 0 1 
0.13614583333333333 0.3796201837378308 0.5312570231926679 0.40661441828721967 0.24947664189808286 0.5945561221351449 1 0 0 
0.0 0.0 0.320610291228295 0.0 0.027575608865007352 0.19108110735091893 1 0 0 
0.2976190476190476 0.45408653846153846 0.22145621852153763 0.4398182721204854 0.11735230047049527 0.14706768983728394 1 0 0 
0.125 0.41025641025641024 0.46410930892246693 0.49802488288117197 0.0842323532460833 0.2711079159052303 0 0 0 
0.1375 0.4287545787545788 0.44909922659430734 0.500587841970022 0.11557025727437742 0.31022936349127095 0 0 1 
0.0 0.0 0.39435761416385584 0.0 0.12918676494371953 0.0 0 0 0 
0.08152777777777778 0.28296703296703296 0.21955174102260888 0.26486120663621954 0.07274463608602462 0.09358522721360325 0 0 0 
0.11375 0.39487179487179486 0.30486494638560147 0.4610555213715287 0.07489569461599908 0.1180044789887965 0 0 0 
0.07944444444444444 0.28901098901098904 0.45663932504350147 0.3109009941055736 0.0974406466968338 0.3733314434866207 0 0 0 
0.0 0.0 0.29911905937234984 0.0 0.13340412464752216 0.15397274434323507 0 0 0 
0.048888888888888885 0.17076923076923078 0.12512141268986277 0.1418814884991133 0.009145719607483485 0.1122648935744735 0 0 0 
0.4325 0.6294871794871795 0.33368175834608726 0.6969605688846814 0.13739788283909693 0.3342245244315402 0 0 0 
0.1 0.2861888111888112 0.2332396346158414 0.3009518719357942 0.08309738324377379 0.23814785244401862 0 0 0 
0.0 0.0 0.31612912675323324 0.0 0.022143743277356555 0.17261274822391315 1 0 1 
0.22261904761904763 0.5232148243912951 0.24768032412794017 0.5401197381662156 0.08952362378388115 0.29085053071111583 1 0 0 
0.06873015873015872 0.2573076923076923 0.34631570747467966 0.29241386203669817 0.14967924250390865 0.35116601996021696 1 0 0 
0.12053571428571427 0.4000610500610501 0.3911754275236894 0.4867009514911159 0.14298174681729806 0.3277549655610542 1 0 1 
0.0 0.0 0.19367730609291578 0.0 0.04892101046696189 0.08241552958038995 1 0 0 
0.0 0.0 0.3853683770867362 0.0 0.19359429864944822 0.2240396144112737 0 0 1 
0.0 0.0 0.470093187579917 0.0 0.1512256532625271 0.2977956044359458 0 0 0 
0.0 0.0 0.46674307661348946 0.0 0.10261401475760615 0.0 0 0 0 
0.0 0.0 0.4952402180116947 0.0 0.09769448687980167 0.2949227095238985 0 0 0 
0.0 0.0 0.5771090728981535 0.0 0.14342411074611114 0.2871444851381218 0 0 0 
0.1 0.31436994378170857 0.6475019393644753 0.36062359647403425 0.6850147251854654 0.36605316128165827 1 0 1 
0.07589285714285714 0.2976923076923077 0.6307403300894203 0.3070561986058201 0.23833713987407076 0.056173606105929044 1 0 0 
0.0 0.0 0.3528334791942003 0.0 0.12829420800932445 0.14199321558530084 1 0 0 
0.12242424242424244 0.25062271062271063 0.3613180855447038 0.1552773249906423 0.1383664188974321 0.385487476912245 1 0 0 
0.0 0.0 0.0 0.0 0.0 0.0 1 0 0 
0.08979166666666667 0.2725624375624376 0.5254557408094693 0.2913783498405659 0.14681499206502122 0.27283666918193317 1 0 0 
0.0 0.0 0.4728437492980506 0.0 0.24772173743763118 0.4192597437965502 1 0 0 
0.09365079365079365 0.27362637362637365 0.467930929136412 0.264630894743762 0.09322103726503116 0.45086162318270495 1 0 0 
0.0 0.0 0.0 0.0 0.0 0.0 1 0 0 
0.0 0.0 0.0 0.0 0.0 0.0 1 0 0 
0.0 0.0 0.5488039392414308 0.0 0.2159168043898537 0.2682611962677053 0 0 0 
0.07133838383838384 0.21563852813852813 0.4294682109282112 0.19001248615756203 0.07390548340583306 0.21588763938747332 0 0 0 
0.0 0.0 0.0 0.0 0.0 0.0 0 0 0 
0.0 0.0 0.0 0.0 0.0 0.0 0 0 0 
0.0 0.0 0.0 0.0 0.0 0.0 0 0 0 
0.0 0.0 0.44206874297407994 0.0 0.12249436777222879 0.17866532162771945 0 0 0 
0.0 0.0 0.0 0.0 0.0 0.0 0 0 0 
0.0 0.0 0.0 0.0 0.0 0.0 0 0 0 
0.0 0.0 0.0 0.0 0.0 0.0 0 0 0 
0.0 0.0 0.544556638027283 0.0 0.10674109196044823 0.3542840147151243 0 0 0 
0.0 0.0 0.0 0.0 0.0 0.0 1 0 0 
0.0 0.0 0.0 0.0 0.0 0.0 1 0 0 
0.0 0.0 0.0 0.0 0.0 0.0 1 0 0 
0.07222222222222222 0.24285714285714283 0.4894465918308839 0.23148600394210053 0.13032340483552057 0.2848773184623998 1 0 0 
0.1156084656084656 0.29318394024276373 0.32863008639049607 0.23030666846175168 0.09631341246476784 0.2163625348675857 1 0 0 
0.0 0.0 0.0 0.0 0.0 0.0 0 0 0 
0.0 0.0 0.0 0.0 0.0 0.0 0 0 0 
0.0 0.0 0.0 0.0 0.0 0.0 0 0 0 
0.0 0.0 0.0 0.0 0.0 0.0 0 0 0 
0.0 0.0 0.0 0.0 0.0 0.0 0 0 0 
0.0 0.0 0.0 0.0 0.0 0.0 0 0 0 
0.0 0.0 0.0 0.0 0.0 0.0 0 0 0 
0.0 0.0 0.0 0.0 0.0 0.0 0 0 0 
0.0 0.0 0.0 0.0 0.0 0.0 0 0 0 
0.0 0.0 0.0 0.0 0.0 0.0 0 0 0 
0.0 0.0 0.0 0.0 0.0 0.0 0 0 0 
0.0 0.0 0.0 0.0 0.0 0.0 0 0 0 
0.0 0.0 0.0 0.0 0.0 0.0 0 0 0 
0.0 0.0 0.0 0.0 0.0 0.0 0 0 0 
0.0 0.0 0.0 0.0 0.0 0.0 0 0 0 
0.3208333333333333 0.4611819552996024 0.49424726578184885 0.4702769017238261 0.5253067036771776 0.44585889970672715 1 0 0 
0.19043541282570173 0.4469967160033004 0.7409708466723903 0.5215993205143967 0.21645447218085706 0.36925128087232206 1 0 0 
0.3 0.3827505827505827 0.6357807584606838 0.3919429635162035 0.6063722546055001 0.5246748985301816 1 0 0 
0.14500000000000002 0.4336996336996337 0.6881654145605729 0.5386294361119891 0.28810593086577385 0.2824136855410619 1 0 0 
0.0 0.0 0.5234516315472043 0.0 0.11146975304838871 0.2634489959383685 1 0 0 
0.2269607478544831 0.5472908583111957 0.366309975584448 0.5741289854533923 0.11692577887719977 0.2708252072522709 0 0 1 
0.4563492063492063 0.5392156862745099 0.6666602580829609 0.451482589588014 0.6948251669396869 0.5960341396536093 0 0 1 
0.23452020202020205 0.5398860398860399 0.3111880623857456 0.45529696106983814 0.15914769600728537 0.162612389036935 0 0 0 
0.0 0.0 0.25771782750481853 0.0 0.0 0.0796123614167153 0 0 0 
0.0 0.0 0.0 0.0 0.055235686843029944 0.0 0 0 0 
0.170806021842895 0.3489322062975951 0.5217721298896763 0.34049560195171397 0.14298162375713402 0.33951942754295783 1 0 0 
0.7230057510323098 0.8407424359580882 0.7266498233596993 0.8740204987734606 0.6396861398769642 0.6475638685438491 1 0 1 
0.0 0.0 0.5157511792977718 0.0 0.16626757031537232 0.24553888312345404 1 0 0 
0.0 0.0 0.10013836325210934 0.0 0.005155382918012003 0.09440714407716928 1 0 0 
0.12455632147545029 0.48068190237917324 0.12546424346676022 0.584127214289701 0.02614265560109278 0.2837278481910519 1 0 1 
0.13603535353535354 0.3562881562881563 0.4916032425877547 0.315110950133085 0.1805580933155818 0.2639674439224055 1 0 0 
0.0 0.0 0.30719323972847756 0.0 0.011364080461739062 0.00819363444247631 1 0 0 
0.0 0.0 0.03491480203867925 0.0 0.07810719541343153 0.0 1 0 0 
0.07407407407407407 0.2857142857142857 0.213935590002585 0.2945551681860261 0.11823441134308231 0.18334801245115784 1 0 0 
0.041666666666666664 0.14285714285714285 0.2872382530192856 0.17328679513998632 0.13613563518324234 0.23375414194329344 1 0 0 
0.0 0.0 0.3197828471169102 0.0 0.15509735224036628 0.09190197791548188 0 0 0 
0.0 0.0 0.20817696426834598 0.0 0.0639493259100765 0.18885296316735253 0 0 0 
0.14916666666666667 0.5316017316017316 0.03897259889404214 0.7088459917204092 0.0 0.15928620910950134 0 0 0 
0.14416666666666667 0.3296969696969697 0.15517856339724923 0.26736557012087314 0.04337459607078202 0.10206503823443965 0 0 0 
0.4163095238095238 0.6790384615384615 0.42185820759062753 0.7503090471873438 0.12554171821707208 0.16512509162383204 0 0 0 
0.0 0.0 0.04891852532174035 0.0 0.053723525696406677 0.056514883433781735 0 0 0 
0.0 0.0 0.19510253810835598 0.0 0.0389259169564396 0.09399085588175048 0 0 0 
0.0 0.0 0.38459667596773683 0.0 0.09556500864802575 0.2077972799642888 0 0 0 
0.06111111111111111 0.2357142857142857 0.44611674675433355 0.24300801375347156 0.11854452288591327 0.2620376076216063 0 0 0 
0.0 0.0 0.4859855415323646 0.0 0.06609804016762293 0.2328915960752356 0 0 0 
0.0 0.0 0.0 0.0 0.09356309280677366 0.0 0 0 0 
0.0 0.0 0.0 0.0 0.03725483197416088 0.0 0 0 0 
0.0 0.0 0.018011545337535684 0.0 0.049457659650254594 0.10946688923739581 0 0 0 
0.0 0.0 0.11250712192470191 0.0 0.10680415714936191 0.10974354604437603 0 0 0 
0.0 0.0 0.0027668395519198086 0.0 0.0 0.0 0 0 0 
0.08333333333333333 0.25 0.3121066146017256 0.2577357721627729 0.13844351249710285 0.377727361054265 0 0 1 
0.17833333333333334 0.5704112554112555 0.22736027825273875 0.6923072809450804 0.02106465230145981 0.3540677628029456 0 0 1 
0.0 0.0 0.17982706567022722 0.0 0.05993390747540408 0.14433201830080147 0 0 0 
0.14375000000000002 0.48863636363636365 0.09009946327400131 0.6464738084747931 0.04219411453360295 0.1431896204610752 0 0 0 
0.0 0.0 0.1556053954871317 0.0 0.030556630355686263 0.26262152570805053 0 0 0 
0.11652777777777777 0.36492713169183755 0.4885166901428749 0.4202224739979076 0.12789986914061074 0.4151557507937094 0 0 0 
0.0625 0.1 0.39807441083615447 0.04558038919848865 0.13316173264476092 0.22689123936704875 0 0 1 
0.075 0.23888888888888893 0.3603208859327438 0.29738465982615375 0.09055341918431595 0.24399369726901152 0 0 0 
0.25 0.2708333333333333 0.35244143820219975 0.2442935923898059 0.09607440778344362 0.39368427847963905 0 0 1 
0.08958333333333333 0.23519570707070708 0.33804810207304614 0.23378924985851313 0.07952577978525208 0.2492224711906044 0 0 0 
0.07222222222222222 0.10833333333333334 0.5744660331725129 0.06233111569788586 0.1273620735603302 0.2365812704333547 1 0 0 
0.3713888888888889 0.5935409035409035 0.6182518568440938 0.6590940579998801 0.455061061110647 0.5460285787339569 1 0 1 
0.13055555555555556 0.2107142857142857 0.5490353877303493 0.16144719002498892 0.22334162017581663 0.3944486274715849 1 0 0 
0.27812499999999996 0.5610279304029304 0.6189490701981825 0.6588714520249362 0.3931143594417604 0.4071838865863775 1 0 0 
0.3023611111111111 0.6473924441571499 0.527521733078734 0.7832557971506149 0.1295711638423698 0.41870173147654516 1 0 0 
0.041666666666666664 0.07142857142857142 0.4498664910730559 0.0 0.1286045444988263 0.09223316252767769 0 0 0 
0.0 0.0 0.7367285906140554 0.0 0.20838829260626182 0.3799069172532842 0 0 0 
0.06979166666666667 0.1125 0.654952816482371 0.05317712073157009 0.16145441901002913 0.04334553455046059 0 0 0 
0.0 0.0 0.574514452981074 0.0 0.1089295069268988 0.30373522347911874 0 0 1 
0.0 0.0 0.2380930978803777 0.0 0.0 0.0 0 0 0 
0.22916666666666669 0.2638888888888889 0.5143980404980948 0.2442935923898059 0.3423465954007768 0.4621955855202851 1 0 0 
0.5262896825396826 0.6897512210012209 0.773842619979227 0.6727812711606742 0.8211984595359685 0.815178790878801 1 0 1 
0.15982142857142856 0.4652777777777778 0.39685696845560403 0.5952815747353088 0.08112606617838285 0.2703540547358328 1 0 0 
0.09050925925925926 0.36043123543123545 0.10909805199282296 0.42334905588076105 0.08834602963234992 0.0 1 0 0 
0.1724537037037037 0.441991341991342 0.30061788003225987 0.47329770158964934 0.11000626964665954 0.24180396246656696 1 0 0 
0.09910714285714287 0.22694805194805195 0.6342439774319155 0.14595064501938265 0.26831597149952296 0.46933725209528393 1 0 0 
0.25 0.2708333333333333 0.5841038237109375 0.2442935923898059 0.20951551074316754 0.5042664942609009 1 0 0 
0.0 0.0 0.17468739480717088 0.0 0.0 0.0 1 0 0 
0.0625 0.25 0.6736479121842247 0.3177366976452014 0.270260596292285 0.38374969768196643 1 0 0 
0.0 0.0 0.6495436026065426 0.0 0.160032007447121 0.44030325447938407 1 0 0 
0.15729166666666666 0.4508158508158508 0.47022981144330644 0.5257252105528767 0.10499098897209096 0.34373956849847503 1 0 0 
0.08506944444444445 0.3389423076923077 0.21860816634105606 0.39555440451212553 0.08972478656779458 0.0 1 0 0 
0.12981376262626262 0.32573329448329447 0.5598380117852984 0.2759568850753199 0.1792263093274252 0.251027334445419 1 0 0 
0.22083333333333333 0.6206737502693386 0.528997132670725 0.7361663301532171 0.16462133616919472 0.31487637703848914 1 0 0 
0.17991071428571428 0.4785303544494721 0.4755604226647472 0.4851511315768706 0.12697255328824145 0.24225586588516787 1 0 0 
0.6210016835016835 0.7116217116217116 0.1382023380620303 0.6977825796903319 0.08459817990370377 0.0 1 0 0 
0.25211640211640207 0.5927853192559074 0.44131809540346767 0.606888927746253 0.07642664744324061 0.3067007817778374 1 0 0 
0.14755291005291005 0.49500499500499495 0.4905320412823927 0.621226662447 0.11423482416927462 0.47499673683345933 1 0 0 
0.14963624338624337 0.505106005106005 0.48232817161295727 0.6104232208665799 0.11254594274315212 0.4995326855106728 1 0 0 
0.2052579365079365 0.6071047008547008 0.4744074059284412 0.6680881975400348 0.15507364646890673 0.11515565113395866 1 0 0 
0.07500000000000001 0.23076923076923078 0.2418915859017453 0.18087154261266608 0.06045971395615644 0.0 0 0 1 
0.09074074074074073 0.45238095238095233 0.06550544200209796 0.5357369124198034 0.0 0.0 0 0 0 
0.09583333333333333 0.4575892857142857 0.09887084959334791 0.5352827630650221 0.002101299342981005 0.0 0 0 0 
0.12777777777777777 0.4682274247491639 0.1256905676524046 0.5195715347552518 0.05248070752516386 0.15848832635762589 0 0 0 
0.05128205128205129 0.16666666666666666 0.1479456116038631 0.13842624318549632 0.1361068951916057 0.013107048418369655 0 0 0 
0.07060185185185186 0.2435897435897436 0.459357813575618 0.22429065625241434 0.13626448305550126 0.3474841603474241 0 0 0 
0.22951388888888888 0.614010989010989 0.38209827033349186 0.7203045438469704 0.08490579977630974 0.33341034541473924 0 0 0 
0.12433862433862433 0.29861111111111105 0.5218433980763622 0.22345262252375664 0.2524461798000249 0.1936968157007759 0 0 0 
0.1388888888888889 0.3888888888888889 0.4912147630818926 0.3753277272242458 0.17254103861509762 0.2489968627422879 0 0 0 
0.0875 0.25874125874125875 0.08361615260285982 0.20413155043011247 0.0708215449304598 0.10660210541456884 0 0 0 
0.5989583333333333 0.6302083333333333 0.8397330101827063 0.6301700145135096 0.8567987036363418 0.7915308958655941 1 0 0 
0.167989417989418 0.5476190476190476 0.6304620129584194 0.5795049849030809 0.23445631473588743 0.09155765399999558 1 0 0 
0.09974747474747475 0.26190476190476186 0.4301394368960295 0.20401484148501853 0.11271355094281388 0.16444223553769693 1 0 0 
0.13988095238095238 0.49755799755799757 0.10619361155977725 0.6117042277506178 0.007155041083212906 0.0 1 0 0 
0.6666666666666666 0.6666666666666666 0.838480419561439 0.6666666666666666 0.8588578999650065 0.8430976458835788 1 0 1 
0.16493055555555552 0.560515873015873 0.5283733942593452 0.6273794916250535 0.189160178484688 0.098981986388696 0 0 0 
0.048295454545454544 0.1763392857142857 0.410425605006004 0.16538576711980302 0.08368006362805594 0.24185946797735253 0 0 0 
0.14419642857142856 0.5005494505494505 0.16148780906501625 0.6014010336749203 0.0 0.0 0 0 0 
0.5989583333333333 0.6302083333333333 0.9114185010466149 0.6301700145135096 0.9127688381037866 0.7958461721337807 0 0 0 
0.1076388888888889 0.3769230769230769 0.19839505932977064 0.3182649167444987 0.2151219446826386 0.32065919832734663 0 0 0 
0.2222222222222222 0.4627450980392157 0.5993985130789478 0.48778990034450653 0.2317727286032144 0.08872464781337593 0 0 0 
0.14285714285714285 0.5400883838383838 0.1963661383216384 0.7250052145309738 0.03477311782061673 0.1388670763082403 0 0 0 
0.08465608465608465 0.35714285714285715 0.4567249144304655 0.4228371084878357 0.16850770198403683 0.09504372862136753 0 0 0 
0.15185185185185185 0.5 0.20507229581452457 0.6315928369778967 0.12893610102086547 0.17907689103308344 0 0 0 
0.1388888888888889 0.20833333333333331 0.5200947708517563 0.11986753018824203 0.2957020811302206 0.17551998006645944 0 0 0 
0.10256410256410256 0.375 0.266584887789847 0.46857650786122773 0.05210498129920132 0.05940606144806393 0 0 0 
0.0441919191919192 0.16666666666666669 0.3276158405315659 0.15950437727684433 0.07848897815777267 0.144741165506144 0 0 0 
0.05555555555555555 0.17777777777777778 0.22407850528004647 0.1027671198848389 0.10260426624729511 0.26037723003449187 0 0 0 
0.0 0.0 0.40330666498665635 0.0 0.11307389973973313 0.1371304515908453 0 0 0 
0.12037037037037036 0.40740740740740744 0.32902762790842055 0.46209812037329684 0.08078597719809548 0.14068203796478365 0 0 0 
0.13988095238095238 0.49755799755799757 0.11526259942260764 0.6117042277506178 0.0 0.01031239745805857 0 0 0 
0.13214285714285715 0.4519230769230769 0.0836880800579256 0.4498277647480038 0.007268503142881577 0.0 0 0 0 
0.0 0.0 0.09030106539168481 0.0 0.0 0.004075071685292373 0 0 0 
0.08452380952380953 0.34375 0.1049967909703291 0.42580500560218526 0.0 0.0 0 0 1 
0.11647727272727273 0.4175824175824176 0.06329822649865435 0.3916650784135014 0.0 0.0 0 0 0 
0.10185185185185186 0.35897435897435903 0.16241756397246854 0.3006969982044354 0.1964411301999691 0.210777164431253 1 0 0 
0.0 0.0 0.27946796280323893 0.0 0.08874509157453686 0.13717283703052904 1 0 0 
0.18518518518518517 0.3632478632478633 0.3724398200442053 0.387570400072438 0.15387072764147852 0.28082494620523774 1 0 0 
0.6833333333333333 0.7142857142857143 0.7658233216121699 0.7068603428028147 0.7072094695536645 0.756446281217322 1 0 0 
0.11325673825657562 0.3679151180694415 0.43809263470150683 0.45384671840097174 0.13694058857794322 0.521864193006901 1 0 0 
0.0 0.0 0.21829207712957022 0.0 0.06297845123846633 0.16282257225603447 1 0 0 
0.09523809523809523 0.3333333333333333 0.2963394183399739 0.35933100048845795 0.15999083655865026 0.22114212831529012 1 0 0 
0.125 0.46153846153846156 0.039543254888091184 0.40546510810816444 0.13957702941782218 0.13909637658061963 1 0 0 
0.1606347527397805 0.43032882267269773 0.24641153213776523 0.44154657289900323 0.20092851318776014 0.186322786382524 1 0 0 
0.09999999999999999 0.26666666666666666 0.1850274144049816 0.21400496636323946 0.11709990384602953 0.1820435762819333 1 0 0 
0.06944444444444445 0.2777777777777778 0.2791855926403082 0.35304077516133486 0.13201945315824573 0.1673831155441809 1 0 0 
0.0 0.0 0.19912462340418524 0.0 0.06165621224833191 0.0840987548769988 1 0 0 
0.018528994535196557 0.0629985814196683 0.2725642390844383 0.051192310061014525 0.018906915409199396 0.0 1 0 0 
0.14166666666666666 0.30454545454545456 0.45180154987651266 0.34946996340113234 0.16671929186297504 0.06625755224481374 1 0 0 
0.0 0.0 0.21585026124828766 0.0 0.0 0.13127473290093067 1 0 0 
0.3333333333333333 0.6153846153846154 0.3296061331447824 0.6666666666666666 0.0882812043026149 0.3261453738883621 1 0 1 
0.08000945720221139 0.22509338298754203 0.3158172141858995 0.2881833772166893 0.07517366984965991 0.24382424835836197 1 0 0 
0.1476190476190476 0.3435185185185185 0.3376141482331336 0.39272967400665637 0.11803699231500724 0.09988186154013592 1 0 0 
0.06845238095238096 0.2435897435897436 0.4295820745914418 0.2533042922907355 0.14118292017456852 0.26121837607954634 1 0 0 
0.14814814814814814 0.3106303418803419 0.43167821032475473 0.346008414468258 0.18127040109851517 0.31895308902961356 1 0 0 
0.13500709290165855 0.44268747251153173 0.31579693223224004 0.5709093154016078 0.06936198985422788 0.3164235080390211 1 0 0 
0.08571428571428572 0.24000000000000002 0.3200460883504239 0.21400496636323946 0.12410012791161143 0.23269142370344925 1 0 0 
0.10185185185185186 0.3791208791208791 0.3053879668014614 0.36213268620405353 0.11221007358864066 0.25159875279566823 1 0 0 
0.6125 0.6712454212454212 0.6063650133236359 0.6867635047347407 0.7624982339839654 0.6851786746722538 1 0 0 
0.1111111111111111 0.42857142857142855 0.1543004185499247 0.4418327522790392 0.091012867738434 0.267868819016346 1 0 0 
0.3388709257121236 0.41920094902468297 0.5321519635134232 0.33998594135952714 0.2446084521300445 0.5518805943790278 0 0 0 
0.34229432650478864 0.5486288433652574 0.612417445281483 0.5788317644098542 0.45294112596448616 0.3960401587033279 0 0 0 
0.10209219946040651 0.32645726227466504 0.5250040186779648 0.4146578592877844 0.14844180723722697 0.5698201758221262 0 0 1 
0.09643363778689895 0.3265134765131512 0.27522020031157435 0.3437786228598632 0.20216592306129472 0.5982422001120093 0 0 0 
0.0 0.0 0.018440419301503197 0.0 0.014143955293813642 0.0 0 0 0 
0.06825396825396826 0.18518518518518517 0.4046425969144487 0.15455914237345073 0.1632952699484746 0.2639973629185453 0 0 0 
0.29440476190476195 0.4905555555555555 0.7421171747619754 0.5063771806373524 0.2761108363285492 0.5798151974920029 0 0 0 
0.08571428571428572 0.24000000000000002 0.11526893987364195 0.21400496636323946 0.057880364223649214 0.268404660785428 0 0 0 
0.0 0.0 0.03472561179152234 0.0 0.06193032003575492 0.0 0 0 0 
0.0 0.0 0.0035556590068688276 0.0 0.0 0.0 0 0 0 
0.06944444444444445 0.29157509157509154 0.45197553326177653 0.3135822855223048 0.16228749287942212 0.33942031047318194 1 0 0 
0.08181818181818182 0.25274725274725274 0.34304840541704995 0.19116163067691783 0.09823144477803958 0.07655268773847754 1 0 0 
0.0 0.0 0.005015233281181031 0.0 0.0 0.051975189091203626 1 0 0 
0.0 0.0 0.0 0.0 0.0 0.0 1 0 0 
0.06185185185185185 0.26853146853146853 0.41730727494567765 0.2966000413952501 0.1855316289551 0.37995250312361195 1 0 0 
0.6128306878306878 0.6845238095238095 0.16338996704440334 0.6851659424857178 0.10702990637308733 0.3753648662611114 1 0 1 
0.0 0.0 0.05545856690984319 0.0 0.008421542378187749 0.0 1 0 0 
0.0 0.0 0.009634211812940885 0.0 0.054790534543804816 0.0 1 0 0 
0.493452380952381 0.6268803418803419 0.7770969892531157 0.6466864725957856 0.6890541643144799 0.6518075073218677 1 0 0 
0.08333333333333333 0.125 0.5789074209510311 0.07192051811294523 0.22843149320798864 0.3351378347384228 1 0 0 
0.0 0.0 0.0 0.0 0.0 0.0 0 0 0 
0.0 0.0 0.0 0.0 0.07018897441395829 0.0 0 0 0 
0.07575757575757575 0.2738095238095238 0.06016986910461053 0.2738007890663865 0.06188596315561889 0.06865925780472729 0 0 0 
0.0 0.0 0.020272172042377523 0.0 0.006793645709099565 0.05723250055109816 0 0 0 
0.06818181818181818 0.21428571428571427 0.06230398798379011 0.18087154261266608 0.0 0.022210452107113324 0 0 0 
0.0 0.0 0.0 0.0 0.006372587655637226 0.0 0 0 0 
0.0 0.0 0.11811134683280322 0.0 0.01740614361115503 0.21311870547406486 0 0 0 
0.0 0.0 0.25526143207353846 0.0 0.095396604373293 0.18824006500001436 0 0 0 
0.0 0.0 0.10063291270738506 0.0 0.0 0.1038990220432239 0 0 0 
0.0 0.0 0.030971700090240528 0.0 0.0464235182375351 0.0 0 0 0 
0.0 0.0 0.0033482778238962396 0.0 0.024222045210885525 0.0 1 0 0 
0.0 0.0 0.02321637964455925 0.0 0.08849289347401432 0.0 1 0 0 
0.0 0.0 0.0 0.0 0.0 0.0 1 0 0 
0.0 0.0 0.029900186920869598 0.0 0.026425874550080084 0.0 1 0 0 
0.0 0.0 0.006635356755715138 0.0 0.0 0.0 1 0 0 
0.11388888888888887 0.20238095238095238 0.690721085355227 0.15410250837737424 0.26037961658018394 0.4059956567236756 1 0 0 
0.05486111111111111 0.23666666666666664 0.5145628920690537 0.25733902950978893 0.23489244981353607 0.3319721455358673 1 0 1 
0.0 0.0 0.34953508229780494 0.0 0.1343178099162738 0.06359425936865044 1 0 1 
0.07083333333333333 0.23033189033189033 0.5762761309726705 0.22575373456794115 0.25748788731254224 0.24509780460983566 1 0 1 
0.08409090909090909 0.34857142857142853 0.002921431548148945 0.3693346926238259 0.0 0.05863775107326064 1 0 0 
0.0 0.0 0.5220745879586205 0.0 0.27439739265519764 0.3551526862255295 0 0 0 
0.11666666666666667 0.19444444444444442 0.25887344907625587 0.10635424146314018 0.06962247572758055 0.023822220498399136 0 0 0 
0.10833333333333334 0.27301587301587305 0.4346430140182107 0.25241676616734615 0.210343414568451 0.14771621438876822 0 0 0 
0.0 0.0 0.0 0.0 0.0 0.0 0 0 0 
0.0 0.0 0.0 0.0 0.0 0.0 0 0 0 
0.0 0.0 0.4019995305715669 0.0 0.16761266743066336 0.10281538708602793 0 0 0 
0.11345238095238096 0.365530303030303 0.5201304226948811 0.42622247137854163 0.24903101543106818 0.22881700740395805 0 0 0 
0.125 0.5 0.011418860325637548 0.6354733952904028 0.0 0.0 0 0 0 
0.08333333333333333 0.3333333333333333 0.011418860325637548 0.42364893019360184 0.0 0.0 0 0 0 
0.09848484848484848 0.36011904761904756 0.18321801023914175 0.45686034280281473 0.13305102180901812 0.10715706666788756 0 0 0 
0.11666666666666667 0.23333333333333334 0.49642254067885727 0.24260151319598083 0.21210884260402202 0.26115399333400013 0 0 0 
0.0 0.0 0.007190254729306456 0.0 0.0673907934715008 0.00029122884471226117 0 0 0 
0.5 0.5 0.007190254729306456 0.5 0.0673907934715008 0.00029122884471226117 0 0 0 
0.08333333333333334 0.1388888888888889 0.3134484420642055 0.07596731533081441 0.1524729098908335 0.19967751641587986 0 0 0 
0.125 0.2 0.2927078072333442 0.0 0.055903256030390876 0.10335568940286204 0 0 0 
0.6291666666666667 0.6909090909090909 0.017132381888234516 0.6863046217355343 0.016250852844660105 0.09446769147919133 1 0 1 
0.37916666666666665 0.4409090909090909 0.017132381888234516 0.4363046217355343 0.016250852844660105 0.09446769147919133 1 0 0 
0.15873015873015872 0.4182883782883783 0.23807789654129763 0.41465775174755415 0.06298129227562539 0.1462258846827381 1 0 0 
0.14250000000000002 0.38188034188034187 0.2927267415344539 0.3628454889455626 0.0011045511238990066 0.11692933258617712 1 0 0 
0.13499999999999998 0.43605805958747135 0.0026604169539672373 0.44741531123302813 0.0 0.0 1 0 0 
0.75 0.75 1.0 0.75 1.0 0.9999999999999999 0 0 1 
0.18181818181818182 0.5604395604395604 0.02310446914193176 0.7068603428028147 0.0 0.17928320005959889 0 0 1 
0.07500000000000001 0.23076923076923078 0.03388495455267604 0.15572952358368336 0.0 0.1426656708268428 0 0 0 
0.125 0.5882352941176471 0.0 0.6931471805599453 0.0 0.006929876974668656 0 0 0 
0.0 0.0 0.0 0.0 0.024287939970589714 0.0 0 1 0 
0.11931818181818182 0.36813186813186816 0.02310446914193176 0.45686034280281473 0.0 0.17928320005959889 0 0 0 
0.05 0.15384615384615385 0.03388495455267604 0.10381968238912224 0.0 0.1426656708268428 0 0 0 
0.09375 0.4411764705882353 0.0 0.5198603854199589 0.0 0.006929876974668656 0 0 0 
0.0 0.0 0.0 0.0 0.024287939970589714 0.0 0 1 0 
0.1875 0.576923076923077 0.006494814895452117 0.75 0.0 0.023641111756438953 0 0 0 
0.1423611111111111 0.38827838827838834 0.30001544320529383 0.25167449813429377 0.12811663673524679 0.33809292428693255 0 0 0 
0.10805860805860806 0.44047619047619047 0.006291178052485358 0.5634703774819323 0.02488713929779056 0.006472074459818607 0 0 0 
0.0 0.0 0.03389365367176089 0.0 0.06743429055253126 0.03283185363764654 0 0 0 
0.24074074074074073 0.6111111111111112 0.19361531807206744 0.7146136787419635 0.08699591162863403 0.08454649888226166 0 0 0 
0.13333333333333333 0.2222222222222222 0.3134484420642055 0.12154770452930307 0.1524729098908335 0.19967751641587986 0 0 0 
0.0625 0.11538461538461539 0.0012856034961384877 0.04840389085317838 0.0 0.0 0 0 0 
0.0 0.0 0.06208734150030881 0.0 0.04770358740728742 0.08893755049204861 0 0 0 
0.10714285714285714 0.46875 0.2121173748872871 0.6200089298883509 0.07352114607439562 0.0 0 0 0 
0.1875 0.30000000000000004 0.2927078072333442 0.0 0.055903256030390876 0.10335568940286204 0 0 0 
0.18916666666666665 0.5330586080586079 0.45752783021466825 0.5620989664623499 0.1926158663576585 0.3877992156449713 0 0 0 
0.0 0.0 0.20913173385127526 0.0 0.05717631457436328 0.46952331430568295 0 1 0 
0.14285714285714285 0.625 0.09576609741986575 0.8266785731844679 0.015729199652273818 0.14812426527235156 0 0 0 
0.0 0.0 0.03875003204230776 0.0 0.00910210800258916 0.0 0 0 0 
0.09571428571428571 0.415 0.011217043514457403 0.529654367572802 0.04400692261587885 0.0 0 0 0 
0.05208333333333333 0.09615384615384616 0.0 0.04033657571098199 0.0030672572733078363 0.0 0 0 0 
0.0 0.0 0.3183522202079434 0.0 0.05442274337929347 0.0 0 1 0 
0.0 0.0 0.04094395644678839 0.0 0.0613949981843275 0.0 0 1 0 
0.0 0.0 0.08038235829913598 0.0 0.040789218727600045 0.0 0 0 0 
0.0 0.0 0.08210054267557831 0.0 0.0 0.0 0 0 0 
0.0 0.0 0.15965072493178134 0.0 0.0 0.0 0 0 0 
0.0 0.0 0.46890521387434525 0.0 0.31683932012399646 0.12734180419016755 1 0 0 
0.22499999999999998 0.5800000000000001 0.3930623250762547 0.7 0.17896330502684696 0.11987167144975606 1 0 0 
0.08928571428571427 0.390625 0.36575171643963844 0.5166741082402925 0.15987095210324567 0.01575008083569443 1 0 0 
0.1875 0.6000000000000001 0.5956642661739421 0.75 0.208139503253714 0.2758893887156969 1 0 0 
0.0 0.0 0.36411953854159607 0.0 0.10377813831462558 0.0 1 0 0 
0.14 0.23333333333333334 0.4840964506303105 0.12762508975576822 0.22929979096754846 0.3536804621385917 0 0 0 
0.14285714285714285 0.23958333333333331 0.38623256660935956 0.13064239707428693 0.12286430906550065 0.15368378294771542 0 0 0 
0.0 0.0 0.3448186437319283 0.0 0.07381519032342042 0.02429472722988954 0 0 0 
0.16666666666666666 0.2857142857142857 0.22142825626809293 0.10536051565782628 0.07739881776143996 0.18340330318990455 0 0 0 
0.125 0.20833333333333331 0.4926905526094768 0.11395097299622162 0.2560075970403531 0.20841584197099947 0 0 0 
0.35875 0.6347902097902098 0.5259216736427571 0.7193295187287898 0.2608268583078554 0.4762219455114872 1 0 0 
0.0825 0.29615384615384616 0.5111208024243008 0.3941832752279039 0.15855071663336343 0.19473287345400564 1 0 0 
0.1625 0.42222222222222217 0.3015967403930231 0.42642435990174976 0.06773562238947349 0.3197054187780234 1 0 0 
0.13392857142857142 0.3586850649350649 0.4733503072221098 0.41876604406125645 0.2118132883225948 0.3191655888784624 1 0 0 
0.22499999999999998 0.5912087912087912 0.31868806097907465 0.7 0.10157075916280175 0.2579945431858275 1 0 0 
0.046875 0.17307692307692307 0.4439682812955654 0.15204941554056167 0.008327133246437008 0.0 0 0 0 
0.171875 0.4823232323232323 0.2961846542070641 0.5858517718785752 0.03525012437523334 0.04851394790953093 0 0 1 
0.10357142857142856 0.32291666666666663 0.5013639108666419 0.3793996446424307 0.14880794612911238 0.1143715981300445 0 0 0 
0.08928571428571427 0.390625 0.39456826028220204 0.5166741082402925 0.1259287815594862 0.17718975720072552 0 0 0 
0.1728219696969697 0.36891025641025643 0.34786022286239215 0.26062969089799465 0.04757910974912612 0.24709174766375058 0 0 0 
0.0 0.0 0.4106376240294135 0.0 0.12929772899789094 0.10710360979649099 1 0 0 
0.05357142857142857 0.21428571428571427 0.6000259556340233 0.25993019270997947 0.19901913305691238 0.20721049058766847 1 0 0 
0.09375 0.34615384615384615 0.4795620644239986 0.33137456420927935 0.027224689823483483 0.12421317198281119 1 0 0 
0.10025252525252526 0.34226190476190477 0.46768685865364734 0.4411055161585836 0.11596751071208312 0.3312035600819956 1 0 0 
0.0 0.0 0.1308701341007743 0.0 0.0 0.0 1 0 0 
0.15625 0.4545454545454546 0.34193396720897007 0.625 0.11189359883008058 0.016209672725461 1 0 0 
0.0 0.0 0.4677981544387483 0.0 0.08397227562207381 0.08158210257177718 1 0 0 
0.0 0.0 0.32343471911922317 0.0 0.06782076851501681 0.3205509874080841 1 0 0 
0.0 0.0 0.01012359836653709 0.0 0.06421084541957889 0.0 1 0 0 
0.13333333333333333 0.3333333333333333 0.2683518825224539 0.31333575283049037 0.052410604636696695 0.24879246492095547 1 0 0 
0.08928571428571427 0.3571428571428571 0.518694068005299 0.4332169878499658 0.14218960360356464 0.2719484919041527 0 0 1 
0.06076388888888889 0.16136363636363638 0.5474164965934807 0.11523583967228453 0.12726303384574209 0.3407605488693306 0 0 1 
0.0 0.0 0.13494781738596462 0.0 0.009016770772206693 0.010145188576995819 0 0 0 
0.14004629629629628 0.41666666666666663 0.23436761317992616 0.41632260834545887 0.06505223421006233 0.13661260221786756 0 0 0 
0.06785714285714287 0.22142857142857142 0.5907580210285654 0.25993019270997947 0.2019462478436673 0.27742833727569965 0 0 0 
0.1826388888888889 0.5817307692307693 0.3210651422684808 0.7270657752150562 0.050099842857295886 0.22228420210436098 0 0 0 
0.0 0.0 0.046815406306337404 0.0 0.03727783010819475 0.0 0 0 0 
0.1388888888888889 0.5816993464052288 0.2311744718309504 0.7951024787390181 0.038183748199299414 0.17136036844739247 0 0 0 
0.11979166666666666 0.44230769230769235 0.4628540313546111 0.48844608188484573 0.055411350159125364 0.20950995715298945 0 0 0 
0.15000000000000002 0.5357142857142857 0.08688865487528341 0.75 0.0181629818885023 0.0 0 0 0 
0.0 0.0 0.24650969995676275 0.0 0.04908133716466304 0.0 1 0 0 
0.19330808080808082 0.49314892623716156 0.33316563654849995 0.5018853163341455 0.08607810179150242 0.33386955597792245 1 0 0 
0.0920138888888889 0.3367101648351648 0.5129355781064574 0.4027489137285768 0.1518895670243828 0.4024066331069812 1 0 0 
0.31299603174603174 0.6426282051282051 0.15877223225167414 0.48288077716941785 0.029680235413271007 0.0 1 0 0 
0.0 0.0 0.28135534568072407 0.0 0.05767230069291348 0.22978033873306192 1 0 0 
0.0 0.0 0.031289576720775925 0.0 0.03237145879570173 0.0 0 0 0 
0.20833333333333331 0.41666666666666663 0.1252960127331031 0.4332169878499658 0.0 0.03208584382288555 0 0 0 
0.0 0.0 0.07634634012936226 0.0 0.023550016372521635 0.11933627387378323 0 0 0 
0.0 0.0 0.016262424683061605 0.0 0.0 0.0 0 0 0 
0.0 0.0 0.0 0.0 0.0 0.0 0 0 0 
0.121875 0.41007326007326006 0.3497348506580691 0.5090164718468538 0.11964255416207957 0.5943699951018323 0 0 1 
0.19027777777777777 0.49572649572649574 0.13598840827364844 0.5418490112719547 0.028771293348384 0.16674880106202272 0 0 1 
0.06944444444444445 0.11904761904761904 0.10288071415723343 0.0 0.01644896465800504 0.0 0 0 0 
0.0 0.0 0.0 0.0 0.0 0.0 0 0 0 
0.16405122655122653 0.43535829250114966 0.05076983501785437 0.43455528290168566 0.0420394646075859 0.1513631274491367 0 0 0 
0.078125 0.25 0.22353086387452992 0.22751986796871915 0.007744999347372342 0.08277522156400263 0 0 0 
0.0 0.0 0.3801356344281741 0.0 0.08572829256494426 0.025384139219607322 0 0 0 
0.0 0.0 0.0 0.0 0.0 0.0 0 0 0 
0.08092403628117914 0.3046507064364207 0.25859943085192083 0.3341089811586415 0.08877816161547494 0.19922122551518168 0 0 0 
0.08840009333116584 0.2834297492091813 0.5517341712621473 0.3374008959309719 0.11350998653093115 0.4003527675587601 0 0 0 
0.05 0.09090909090909091 0.007375613505572476 0.0 0.0 0.0 0 0 0 
0.0 0.0 0.0 0.0 0.0 0.0 0 0 0 
0.1429421768707483 0.5140692640692641 0.014127293064708946 0.6332286272950859 0.0 0.0 0 0 0 
0.317861966982682 0.533344589626258 0.11887924238190806 0.5057973284215339 0.0 0.04382090010729502 0 0 0 
0.13055555555555556 0.3095238095238095 0.11772231579690207 0.24795293745024527 0.0 0.051281002664018305 0 0 0 
0.0 0.0 0.0 0.0 0.0 0.0 0 0 1 
0.03214285714285715 0.05844155844155845 0.34527713482435285 0.02796794260380958 0.12206770600572063 0.327312579784467 0 0 0 
0.0 0.0 0.45252611864225933 0.0 0.047473136919008785 0.059100018728253975 0 0 0 
0.0 0.0 0.24500502054707252 0.0 0.06636407408221874 0.13096694282683194 0 0 0 
0.0 0.0 0.28371400568773386 0.0 0.0 0.34613778095410175 0 0 0 
0.0 0.0 0.0 0.0 0.0 0.0 0 0 0 
0.0 0.0 0.0 0.0 0.0 0.0 0 0 0 
0.0 0.0 0.0 0.0 0.0 0.0 0 0 0 
0.0 0.0 0.0 0.0 0.0 0.0 0 0 0 
0.0 0.0 0.0 0.0 0.0 0.0 0 0 0 
0.12675025344261037 0.3669459695736036 0.5016132728932289 0.40215139970211977 0.14222040289587937 0.1291434667826576 1 0 0 
0.45227272727272727 0.5606684981684982 0.2222521045283743 0.5469875961654039 0.13593339889784722 0.22155847970228362 1 0 0 
0.0 0.0 0.8366260656987274 0.0 0.22287096241170556 0.2234299972805041 1 0 0 
0.07607709750566893 0.28205128205128205 0.25237693067487954 0.30935723220602496 0.0943375170969783 0.33483328199753437 1 0 0 
0.11198979591836734 0.3846153846153846 0.47565313711714197 0.37602869888225166 0.27392855994369 0.10425601975106055 1 0 0 
0.10535352476298851 0.24007984446604846 0.35135127076143524 0.17792964722538546 0.09639703859598626 0.16552548848091694 1 0 0 
0.0 0.0 0.4455553673716631 0.0 0.09295331880419655 0.0 1 0 0 
0.10179295047402298 0.32573744151687356 0.5144646984122025 0.4071718018960919 0.08107075663630682 0.27991825428723016 1 0 0 
0.09388168598515599 0.30331006241358094 0.3362600633876297 0.2664602357014362 0.09286214879781471 0.0 1 0 0 
0.14820704952597702 0.23713127924156324 0.6135455130643447 0.06250497079117079 0.1705386040672565 0.0 1 0 0 
0.0 0.0 0.2620799831359415 0.0 0.0 0.0 0 0 0 
0.06746031746031746 0.26785714285714285 0.22368964109254308 0.3151592867448594 0.12997440779830136 0.11739393538794005 0 0 1 
0.07500000000000001 0.23076923076923078 0.3053867944200449 0.13674116759546595 0.08970364686222217 0.11649938538004388 0 0 0 
0.10416666666666666 0.17857142857142855 0.21897361172991547 0.050074272234195985 0.0 0.00527863184310198 0 0 0 
0.2763888888888889 0.34285714285714286 0.3174191074001613 0.28022909403487994 0.17436070947132792 0.3704387699776458 0 0 0 
0.0 0.0 0.19409446894908533 0.0 0.0 0.0 0 0 0 
0.0 0.0 0.5612899194625882 0.0 0.07847922003339303 0.43782162304880456 0 0 0 
0.0 0.0 0.5910694467483131 0.0 0.02509871809264396 0.1758765063375453 0 0 0 
0.0 0.0 0.48200484399119137 0.0 0.19382282605281798 0.28738904103233287 0 0 0 
0.0 0.0 0.30879181759855623 0.0 0.07412199560189994 0.529826050119823 0 0 0 
0.08333333333333333 0.25 0.10796214444453445 0.21576155433883568 0.056800042185757044 0.0 0 0 0 
0.0 0.0 0.3200437090214474 0.0 0.12310851937782175 0.0 0 0 0 
0.049999999999999996 0.19999999999999998 0.5253721676428182 0.24260151319598083 0.1451317442102633 0.22249748111194273 0 0 0 
0.08333333333333333 0.3214285714285714 0.1355768409914231 0.33137456420927935 0.0 0.0 0 0 0 
0.08333333333333333 0.3214285714285714 0.12231266513284256 0.33137456420927935 0.048546917980166235 0.0 0 0 0 
0.0 0.0 0.35940809332076096 0.0 0.11707033408750596 0.29693934777936354 0 0 0 
0.060000000000000005 0.18461538461538463 0.48379031379823845 0.10939293407637275 0.2103469164166249 0.4968092305063826 0 0 0 
0.1 0.3076923076923077 0.3372446707204546 0.1823215567939546 0.1392344032929664 0.5548810660100761 0 0 0 
0.1 0.3076923076923077 0.42095082423415975 0.2076393647782445 0.13534079749104927 0.42728761460791786 0 0 0 
0.09583333333333334 0.2692307692307693 0.42885454764454556 0.17186415386807616 0.17738751592212565 0.5327544862172212 0 0 0 
0.049999999999999996 0.0875 0.5990691676842717 0.04673598741858292 0.20325767799422562 0.2187618439934957 0 0 0 
0.0 0.0 0.3779933068151011 0.0 0.14672462277211248 0.340616923001162 0 0 0 
0.0 0.0 0.5304102472512069 0.0 0.1654076909820954 0.1590822051097473 0 0 0 
0.0 0.0 0.43969888578463845 0.0 0.14987372242820834 0.24704493712106954 0 0 0 
0.0 0.0 0.5304102472512069 0.0 0.16540769098209565 0.15908220510974738 0 0 0 